-33.524516 -60.858098 96.509219 39 61 36 0.934427 -0.215159 0.283818
-33.654528 -60.614148 97.020754 26 46 34 0.675040 -0.302404 0.672958
-33.370637 -60.496638 96.765813 40 67 43 0.268917 -0.446349 0.853497
-33.771445 -60.996073 97.088518 48 85 51 0.852673 -0.305289 0.423965
-33.478256 -60.897807 96.204118 86 117 77 0.944209 -0.243824 0.221403
-34.024942 -61.145356 94.977353 36 66 43 0.484577 -0.852883 0.194359
-33.758000 -60.329178 97.111112 53 86 49 0.250392 0.666483 0.702214
-33.543425 -60.931999 96.511199 55 76 52 0.900282 -0.236937 0.365176
-33.692776 -60.840582 97.026533 22 39 29 0.912121 -0.141578 0.384696
-33.399991 -60.665002 96.083105 44 62 33 0.971891 -0.233162 -0.032614
-33.838032 -61.177411 97.036419 64 95 59 0.611379 -0.756894 0.230927
-33.559427 -61.068256 96.419155 31 56 34 0.797830 -0.583418 0.151957
-33.828453 -61.207215 96.750709 55 88 55 0.500288 -0.833664 0.233913
-33.855838 -61.205553 95.815963 72 90 55 0.332805 -0.922211 -0.196897
-33.490869 -60.727893 96.543893 56 82 46 0.905453 -0.364817 0.216941
-33.627290 -60.450057 95.318112 48 64 32 0.272222 0.926503 0.259784
-33.896126 -61.245364 96.886163 100 149 102 0.558998 -0.816381 0.145062
-33.981545 -61.054760 97.302858 72 104 72 0.241260 -0.466226 0.851133
-34.038869 -61.356289 95.058755 34 60 40 0.907157 -0.180959 0.379895
-33.627100 -61.106405 96.554609 53 80 47 0.640522 -0.693171 0.330522
-33.636557 -61.132356 96.230920 45 69 45 0.693308 -0.712973 -0.104845
-33.793998 -61.220637 96.578761 60 105 58 0.665316 -0.743121 -0.071592
-34.003414 -61.356198 96.871200 25 48 31 0.870293 -0.491052 0.038172
-33.757319 -61.219543 96.234692 59 92 54 0.467428 -0.870103 0.156304
-33.756765 -61.207663 95.948153 100 129 90 0.478252 -0.868653 -0.129293
-34.044827 -61.342769 96.241728 43 65 43 0.396982 -0.767380 0.503521
-34.054006 -61.368279 95.937109 58 88 53 0.380522 -0.904850 -0.190918
-34.060812 -61.290079 95.114800 29 53 33 0.828575 -0.264253 0.493592
-33.566354 -60.945302 96.530924 47 71 46 0.861829 -0.282707 0.421104
-33.867887 -61.067759 97.167913 69 104 72 0.484052 -0.507283 0.712992
-34.041081 -61.425806 96.854271 32 55 37 0.873236 -0.486162 -0.033240
-33.695380 -60.621838 97.078779 15 38 23 0.827235 -0.164621 0.537199
-33.430525 -60.500476 96.785859 21 49 24 0.536612 -0.429904 0.726106
-33.613727 -60.907352 96.759746 51 76 42 0.951179 0.067069 0.301263
-33.856390 -61.228432 96.427181 66 103 57 0.450272 -0.892838 -0.009758
-33.579372 -60.698074 96.811670 32 50 36 0.821067 -0.515038 0.246138
-33.785905 -61.051938 97.070933 51 79 49 0.788849 -0.343100 0.509902
-33.525502 -60.937611 96.472899 57 82 55 0.928640 -0.238140 0.284460
-34.002443 -61.210686 94.959447 25 50 29 0.953753 0.191027 -0.232087
-33.355647 -60.584841 96.557706 21 39 23 0.280311 -0.921128 0.270092
-33.616559 -60.388153 96.995905 46 77 53 0.558784 -0.153980 0.814893
-33.511143 -60.659045 96.714356 46 74 44 0.672389 -0.670140 0.314334
-33.846487 -60.934902 95.714166 47 75 40 0.653851 -0.597584 -0.464083
-33.569539 -60.883385 96.605878 31 58 31 0.888994 -0.266413 0.372442
-33.889552 -61.001110 97.243028 69 111 70 0.420941 -0.682314 0.597710
-33.582334 -60.914612 96.053353 65 91 55 0.520680 -0.765300 -0.378428
-33.803778 -60.745432 97.312216 50 73 48 0.644789 0.165329 0.746266
-33.579094 -60.697634 96.830740 18 36 24 0.819557 -0.513836 0.253572
-33.998660 -61.192776 97.134536 49 80 50 0.388042 -0.554136 0.736449
-33.653037 -60.834650 96.892230 15 32 21 0.938698 -0.141858 0.314202
-33.439881 -60.749127 96.238298 40 59 37 0.866135 -0.469389 0.171712
-33.859726 -61.244709 96.523024 87 135 80 0.431941 -0.898282 -0.080721
-33.868905 -61.270219 96.218405 50 87 50 0.380375 -0.832502 0.402809
-34.077213 -61.382022 95.937764 57 98 58 0.303787 -0.946460 -0.109214
-33.697882 -60.636796 97.231831 43 66 38 0.542145 -0.239737 0.805360
-33.567340 -61.024814 96.494604 37 61 41 0.840313 -0.435486 0.322840
-33.590549 -61.027557 96.170581 34 57 34 0.819473 -0.518096 -0.245031
-33.505634 -60.929145 96.243408 46 79 52 0.953552 -0.301227 0.000959
-33.447741 -60.415791 96.841409 32 59 41 0.756059 -0.077668 0.649878
-33.898740 -60.982621 95.639693 55 73 37 0.785945 -0.370107 -0.495288
-33.809146 -61.177628 95.833721 36 68 30 0.840755 -0.276656 -0.465394
-33.735700 -60.784597 97.235790 55 78 50 0.725065 0.021618 0.688342
-33.787169 -61.131891 97.015544 53 85 53 0.744276 -0.643633 0.178297
-33.744804 -61.177756 96.443468 62 105 60 0.465269 -0.881060 0.085193
-33.923466 -60.920808 95.505042 58 83 52 0.232358 -0.972257 0.026939
-33.785250 -60.438270 97.190360 56 81 58 0.308926 0.442811 0.841714
-33.624673 -60.723800 96.889260 56 80 61 0.886321 -0.399970 0.233365
-33.831485 -61.078104 97.129453 58 90 57 0.673677 -0.435612 0.596994
-33.593453 -60.976200 96.589283 34 58 38 0.884305 -0.332166 0.328130
-33.591633 -60.895368 96.682812 59 91 51 0.950712 -0.113332 0.288622
-33.531694 -60.590636 96.865749 41 65 43 0.780193 -0.483827 0.396498
-33.658905 -60.164342 96.857775 110 141 93 0.533866 0.489798 0.689264
-33.487255 -60.711177 96.467120 58 89 59 0.917382 -0.334805 0.215211
-33.938772 -61.188939 97.114490 34 64 34 0.399058 -0.631172 0.665112
-33.674349 -61.135209 96.498711 62 95 57 0.476393 -0.862328 0.171579
-33.661556 -61.092982 96.726556 41 70 44 0.795996 -0.604342 0.034085
-33.962974 -61.238194 95.780111 93 131 86 0.621948 -0.684044 -0.381136
-33.922504 -60.997242 95.602210 49 76 39 0.827965 -0.225606 -0.513397
-33.546154 -60.646502 96.848164 29 49 32 0.762999 -0.571086 0.302811
-33.714769 -61.075266 96.879595 38 79 43 0.769490 -0.513178 0.380175
-33.960715 -61.122729 97.170535 76 102 69 0.334949 -0.574065 0.747167
-34.030487 -61.242149 97.193390 62 91 53 0.428432 -0.375071 0.822051
-33.754899 -60.803937 95.595307 46 68 42 0.396493 -0.898033 -0.190605
-33.688377 -61.123441 96.803985 44 78 46 0.768881 -0.618567 0.161852
-34.097517 -61.436121 95.195039 37 60 40 0.846312 0.092132 0.524660
-33.646767 -60.735783 96.966194 36 58 43 0.836622 -0.225176 0.499359
-33.368440 -60.627068 96.329860 65 84 62 0.726449 -0.683780 0.068669
-33.815660 -61.164988 96.978555 56 86 54 0.662283 -0.738545 0.126220
-33.532606 -61.037797 96.341726 36 62 40 0.878431 -0.477546 -0.017575
-33.760780 -61.169065 96.615255 53 95 55 0.693911 -0.716657 0.069934
-33.944171 -60.919593 95.352645 74 100 71 -0.430965 -0.890555 0.145541
-33.609127 -60.811123 96.719292 38 55 35 0.901751 -0.220764 0.371630
-34.023014 -61.320225 95.821046 36 66 31 0.490427 -0.829844 -0.266159
-34.036368 -61.341331 94.905703 52 74 48 -0.074958 -0.950749 -0.300763
-33.810530 -61.212827 96.712409 67 98 53 0.446699 -0.877975 0.172105
-34.028415 -61.305825 97.042158 27 52 36 0.559093 -0.644342 0.521765
-34.037593 -61.331336 96.737539 20 42 24 0.846628 -0.467673 -0.253975
-33.563548 -60.784957 96.660772 33 56 32 0.854305 -0.330977 0.400770
-34.016053 -61.331232 96.947144 23 45 30 0.584723 -0.791834 0.176346
-33.987565 -61.287135 96.659454 54 83 60 0.294921 -0.952383 -0.077390
-33.950484 -61.352354 96.049734 46 79 43 0.388275 -0.914740 -0.111769
-33.729963 -60.530662 97.210768 74 100 68 0.240720 0.078618 0.967405
-33.582457 -60.858858 96.662752 58 86 52 0.928386 -0.138700 0.344763
-33.797058 -61.225474 96.368995 40 75 40 0.450920 -0.892065 0.029855
-33.783586 -61.238122 96.025582 60 87 50 0.585700 -0.798285 -0.140345
-34.076378 -61.380702 95.994973 60 87 58 0.320461 -0.940930 -0.109344
-33.741262 -60.804391 97.179077 26 51 32 0.980433 -0.099282 0.169982
-33.406942 -60.697995 96.255722 40 57 41 0.850345 -0.490975 0.189361
-33.896781 -61.034542 97.396575 65 90 60 -0.565604 -0.037312 0.823833
-33.634053 -61.128398 96.402547 39 69 42 0.578210 -0.805662 0.128769
-33.930860 -61.232381 97.039041 38 65 40 0.574349 -0.733040 0.364383
-33.431386 -60.646742 96.464819 26 54 32 0.570057 -0.760474 0.310989
-33.902470 -60.976583 97.299902 40 76 40 -0.727848 0.461566 0.507143
-33.489022 -60.502114 96.901253 58 81 58 0.923606 -0.228058 0.308127
-33.799305 -60.571449 97.231804 62 88 66 0.371165 0.142101 0.917629
-33.684863 -60.884024 96.951084 20 38 26 0.915519 -0.283638 0.285263
-33.863062 -61.260985 96.618867 79 116 72 0.259779 -0.965491 0.018481
-33.834296 -61.216449 96.350247 40 77 38 0.394797 -0.915397 0.078638
-34.071089 -61.383348 96.681975 32 52 34 0.786688 -0.497812 -0.365110
-34.025508 -61.368182 96.948134 25 48 30 0.750267 -0.618761 0.232883
-34.039265 -61.322974 96.298442 36 65 36 0.285275 -0.882653 0.373553
-33.503508 -60.702927 96.619837 58 85 50 0.833307 -0.483570 0.267879
-33.931973 -61.234139 96.962762 71 101 69 0.650421 -0.752564 0.102959
-33.690051 -61.104079 96.040210 65 85 58 0.589043 -0.632302 -0.503212
-33.904195 -61.258116 96.333144 98 138 88 0.341842 -0.938067 0.056340
-33.952776 -61.021223 97.358917 55 85 53 -0.533125 0.491545 0.688593
-34.074716 -61.345064 95.135355 34 58 38 0.935772 -0.042887 0.349987
-33.506720 -60.785957 96.430960 18 37 20 0.937332 -0.291777 0.190459
-33.432804 -60.793888 96.105640 33 52 33 0.961825 -0.234131 0.141689
-33.716791 -60.710696 97.233811 46 68 48 0.570377 -0.165311 0.804576
-33.571460 -60.741515 96.736221 24 39 27 0.828913 -0.439530 0.346000
-33.722432 -61.165332 96.385604 65 107 63 0.407924 -0.901966 0.141614
-33.967975 -61.279109 96.410893 39 65 38 0.293955 -0.954920 0.041443
-33.872842 -60.785780 97.352322 32 55 33 0.220446 0.222400 0.949706
-33.686307 -61.176117 96.328074 21 57 20 0.469887 -0.876070 0.108202
-33.462254 -60.761550 96.296162 28 47 29 0.830472 -0.500290 0.245003
-33.613197 -61.051420 96.534054 15 36 18 0.765458 -0.563523 0.310671
-33.658651 -61.144339 96.307854 29 55 32 0.566066 -0.820286 0.081850
-33.927955 -61.283737 96.620338 49 87 57 0.120299 -0.992569 -0.018322
-34.005208 -61.292083 97.041502 34 66 46 0.499888 -0.722084 0.478233
-33.844669 -60.843070 95.483016 58 99 58 0.791359 -0.611329 -0.005367
-33.373292 -60.578789 96.615075 35 62 38 0.255394 -0.921117 0.293797
-33.836312 -60.873878 97.353820 32 55 32 0.657070 0.081044 0.749460
-33.513697 -60.963897 96.339746 40 65 45 0.962135 -0.269659 0.039748
-33.549088 -60.729092 96.678357 25 42 25 0.790238 -0.503779 0.348898
-33.868432 -60.857692 95.445532 70 101 67 0.306419 -0.942477 -0.133585
-34.000773 -61.208048 95.073865 27 52 31 0.979546 -0.107059 0.170374
-33.415437 -60.800379 96.029201 34 52 34 0.598892 -0.795333 -0.093668
-33.642040 -60.717308 96.965699 37 58 39 0.836116 -0.349494 0.422806
-33.809295 -61.266822 96.179289 41 73 40 0.573567 -0.794430 0.199757
-33.418593 -60.604515 96.692664 68 101 61 0.664623 -0.703307 0.252261
-33.722681 -61.031825 96.955044 111 147 96 0.902204 -0.262634 0.342129
-33.635013 -61.062963 96.630058 28 51 32 0.786310 -0.607312 0.113529
-34.109461 -61.543028 96.972474 38 65 44 0.878715 -0.346880 0.327923
-33.700259 -60.718507 97.100163 20 38 28 0.924846 -0.295714 0.239192
-33.613878 -60.985545 96.780635 68 100 62 0.939538 -0.068264 0.335571
-33.864424 -61.129236 97.112029 58 90 56 0.594087 -0.545639 0.591049
-33.687897 -60.743913 97.005149 26 45 34 0.849951 -0.146655 0.506039
-33.642369 -61.018642 96.743646 33 60 39 0.898649 -0.423179 0.115537
-33.604023 -60.179419 96.819154 83 117 79 0.456905 -0.060501 0.887456
-33.860282 -61.245588 96.484885 68 108 63 0.450992 -0.887229 -0.097110
-33.768790 -60.913922 97.239255 69 88 62 0.899334 -0.071627 0.431355
-33.548152 -60.950474 96.511694 38 62 42 0.864124 -0.350805 0.360869
-34.005476 -61.070576 95.013512 39 68 40 0.947699 0.077052 0.309725
-33.675893 -61.204601 96.099573 73 106 60 0.778255 -0.487481 -0.395829
-33.992012 -61.316170 97.003697 19 42 26 0.688659 -0.677061 0.259495
-33.973134 -61.365217 96.088529 58 85 53 0.263952 -0.961043 0.082008
-33.621589 -60.563015 97.038178 14 35 23 0.591886 -0.427769 0.683144
-33.700259 -60.718507 97.100163 25 46 33 0.954006 -0.048260 0.295878
-34.014386 -61.317593 96.736883 38 60 40 0.493813 -0.843898 -0.209723
-33.361766 -60.605515 96.462852 22 48 30 0.633645 -0.773576 0.008597
-33.804814 -61.125839 97.072913 41 69 40 0.694853 -0.523976 0.492573
-33.538851 -60.980717 96.206914 31 55 34 0.863377 -0.455892 -0.216200
-33.537156 -60.833132 96.585163 40 65 39 0.906280 -0.238888 0.348697
-33.998135 -61.314844 96.259487 31 60 33 0.397433 -0.828570 0.394360
-33.779358 -60.952632 97.163967 103 137 99 0.849477 -0.362229 0.383639
-33.710627 -61.191618 96.252451 45 71 43 0.456643 -0.872874 0.171951
-33.942420 -61.317603 95.953396 59 93 58 0.518361 -0.801753 -0.297478
-33.470569 -60.651794 96.637261 62 99 54 0.702331 -0.692510 0.164805
-33.602630 -61.012710 96.609343 37 60 40 0.983292 -0.133487 0.123763
-33.451686 -60.722841 96.371450 15 32 16 0.841056 -0.486580 0.236357
-33.711685 -60.914482 97.028513 4 25 12 0.894022 -0.268355 0.358761
-33.945046 -61.265806 96.391168 60 90 56 0.303468 -0.952737 -0.014131
-33.977562 -61.216306 95.722567 45 77 38 0.351628 -0.883450 -0.309636
-33.505607 -60.784198 96.507239 24 43 24 0.949303 -0.237367 0.206108
-33.583922 -60.493408 97.055107 28 55 36 0.629092 -0.313662 0.711237
-33.733349 -60.847833 97.103628 26 51 34 0.916007 -0.225479 0.331798
-33.459347 -60.823907 96.202138 37 58 33 0.898723 -0.396911 0.186437
-33.642119 -61.152150 96.174206 32 57 26 0.619365 -0.776163 -0.118146
-33.902401 -61.322231 96.162841 47 78 45 0.338471 -0.861177 0.379225
-33.727080 -60.748966 97.177592 26 53 37 0.963188 -0.101077 0.249105
-33.443748 -60.621336 96.559832 49 84 46 0.727130 -0.686175 0.021121
-33.631245 -60.979054 96.857074 51 76 48 0.868849 -0.202005 0.451991
-33.905554 -61.137367 97.150984 74 104 70 0.394990 -0.566244 0.723430
-33.607913 -61.032065 96.571698 26 49 30 0.794604 -0.454173 0.402903
-33.617039 -60.767681 96.794741 20 36 23 0.893688 -0.368489 0.256003
-33.809542 -61.144314 97.073408 50 78 48 0.665722 -0.584118 0.464349
-33.780926 -61.177971 96.825677 38 76 43 0.561669 -0.793957 0.232725
-33.785934 -61.185886 96.482423 64 103 57 0.557347 -0.828735 0.050629
-33.813595 -61.195664 95.853286 90 127 76 0.442133 -0.838474 -0.318559
-33.927497 -61.071157 97.207029 57 92 56 0.307380 -0.616761 0.724654
-34.108363 -61.475270 95.100680 35 59 35 -0.042241 -0.989956 -0.134918
-33.507149 -60.864590 96.432780 47 70 42 0.978808 -0.182346 0.093193
-33.983382 -61.058593 94.936578 39 65 40 0.986147 0.086117 0.141769
-33.542792 -60.485278 97.016152 41 65 43 0.540499 -0.271869 0.796209
-33.854617 -60.635005 97.272244 34 62 37 0.014914 0.088298 0.995982
-33.451713 -60.867788 96.107620 27 46 26 0.673390 -0.687522 -0.271770
-33.514532 -60.965216 96.282537 55 79 51 0.975860 -0.207006 0.069617
-33.765354 -61.120347 96.919540 59 96 57 0.749321 -0.628114 0.209739
-33.508540 -60.866789 96.337432 58 85 51 0.966779 -0.255137 0.015587
-33.469331 -60.716789 96.428820 21 42 25 0.864459 -0.435449 0.251188
-33.466650 -60.489691 96.843388 71 100 67 0.812787 -0.284097 0.508592
-33.671946 -60.908551 96.894210 35 56 35 0.893892 -0.077491 0.441534
-33.931558 -61.089507 95.012870 64 86 52 0.663350 -0.748264 -0.008203
-33.630943 -60.822667 96.815296 30 45 30 0.946788 -0.103539 0.304748
-34.050111 -61.362123 96.204084 43 70 41 0.428055 -0.850616 0.305320
-33.725866 -60.969908 97.029998 58 87 55 0.905862 -0.230403 0.355427
-33.861270 -61.314101 96.123886 58 96 56 0.552179 -0.833719 0.003280
-33.562614 -60.170849 96.799269 68 93 69 0.185840 0.019799 0.982381
-33.757875 -61.220422 96.196553 63 90 57 0.525814 -0.836398 0.154783
-33.812297 -61.003764 97.146543 63 107 69 0.744637 -0.396806 0.536713
-34.081669 -61.367057 94.983293 60 85 64 0.545363 -0.752364 -0.369497
-33.528687 -60.875694 96.547853 43 69 43 0.903821 -0.238027 0.355598
-33.486725 -60.855245 96.241428 68 105 62 0.937409 -0.309261 0.160066
-33.877872 -60.960642 97.394595 96 125 93 -0.865507 0.152358 0.477162
-33.580459 -60.554885 96.999223 37 60 42 0.653391 -0.412301 0.634892
-33.903914 -61.268676 96.676892 58 92 58 0.304396 -0.949119 0.080717
-33.519055 -60.615603 96.789805 50 79 49 0.683955 -0.641820 0.346803
-33.669190 -61.049101 96.821075 35 65 39 0.832033 -0.466691 0.299867
-34.107795 -61.529390 96.762213 35 63 42 0.816697 -0.570653 -0.085802
-33.413741 -60.652794 96.407449 30 51 35 0.676869 -0.679729 0.282517
-33.713227 -60.994874 96.954054 72 105 65 0.891323 -0.233995 0.388317
-34.009091 -61.087292 95.090286 50 80 52 0.898379 -0.294584 0.325785
-33.828969 -60.863200 95.616838 52 76 42 0.475743 -0.818717 -0.321514
-34.019960 -61.282388 95.056775 42 67 46 0.818000 -0.369453 0.440887
-34.070974 -61.406102 95.098540 52 80 57 0.276153 -0.257777 0.925900
-33.737810 -60.810869 95.499798 40 60 37 0.164934 -0.985360 -0.043164
-33.983812 -61.137226 94.938398 42 67 38 0.420731 -0.906902 0.022688
-33.697503 -60.859057 97.027028 15 34 24 0.940973 -0.142402 0.307070
-33.418066 -60.737583 96.142294 110 143 90 0.891814 -0.447169 0.068614
-33.967085 -60.998895 97.320443 68 100 63 0.031119 -0.795137 0.605631
-33.824716 -61.246252 96.064537 48 76 41 0.630656 -0.746188 -0.213253
-34.002315 -61.288440 94.999406 40 65 44 0.957732 -0.240831 0.157318
-33.662289 -60.492513 97.075314 56 87 56 0.643177 -0.636379 0.425847
-34.031600 -61.243908 97.117112 54 87 56 0.490068 -0.599365 0.632926
-34.046065 -61.277774 96.450170 32 55 32 0.021917 -0.997825 0.062161
-33.706857 -61.118708 96.804146 51 85 48 0.612069 -0.685247 0.394725
-33.861949 -61.259226 96.695146 58 95 60 0.293177 -0.936659 0.191618
-33.837910 -61.233165 96.427020 57 97 55 0.456271 -0.888683 0.045380
-33.385375 -60.552943 96.729158 77 111 62 0.695528 -0.653470 0.298693
-33.673437 -60.688048 97.022734 23 43 32 0.870404 -0.227372 0.436691
-33.544967 -61.012391 96.436740 35 58 38 0.862108 -0.452362 0.228337
-33.922377 -61.074996 95.642168 24 49 16 0.876456 0.074830 -0.475632
-33.744775 -61.043808 97.031978 68 101 64 0.861228 -0.307240 0.404833
-33.591784 -60.973562 96.703701 55 91 53 0.989383 0.021030 0.143800
-33.742981 -61.107924 96.861676 67 104 67 0.683000 -0.630549 0.368671
-33.733959 -61.138607 96.537826 64 102 60 0.554094 -0.818131 0.153760
-33.876608 -60.880689 97.449984 40 62 33 -0.932031 -0.210398 0.295042
-34.081933 -61.433496 96.912296 30 52 34 0.797550 -0.531380 0.285570
-33.392858 -60.430868 96.802788 21 45 31 0.586951 -0.203079 0.783739
-33.735225 -61.207559 96.157758 60 102 55 0.555883 -0.830458 -0.036515
-33.957005 -61.306714 96.220532 25 56 29 0.396340 -0.825868 0.401069
-33.845011 -60.519861 97.250365 46 74 50 0.222600 0.165320 0.960791
-33.839145 -61.179170 96.960141 69 105 67 0.600102 -0.786867 0.143937
-33.584303 -61.084637 96.305392 45 69 45 0.780140 -0.618787 -0.092104
-33.709082 -61.122226 96.651589 58 96 55 0.668653 -0.743417 0.015318
-34.011331 -61.290757 96.297292 44 63 43 0.328148 -0.905107 0.270369
-33.826834 -60.680981 97.291982 74 98 73 0.254865 0.359010 0.897862
-33.526058 -60.938490 96.434760 56 78 53 0.964509 -0.192954 0.180253
-33.760171 -60.878291 97.181056 21 55 32 0.929451 -0.288657 0.229777
-33.887104 -61.276047 96.562314 69 105 68 0.223812 -0.973243 -0.052018
-33.905307 -61.259874 96.256865 77 109 71 0.390970 -0.878014 0.276106
-33.976043 -61.291861 95.857874 49 85 46 0.804804 -0.325693 -0.496201
-33.681198 -60.566413 97.077294 64 102 71 0.691020 -0.322940 0.646685
-33.514783 -60.820709 96.527298 27 55 34 0.951241 -0.229669 0.205896
-33.830511 -60.943592 95.542379 67 102 62 -0.499863 -0.343594 0.795035
-33.813360 -60.704628 97.273247 46 74 49 0.081920 0.062887 0.994653
-33.424309 -60.691503 96.332161 32 51 32 0.829502 -0.509075 0.229715
-33.485837 -60.564031 96.826299 88 120 81 0.706009 -0.569009 0.421640
-33.636099 -60.919775 96.817610 50 69 48 0.945198 0.011997 0.326277
-34.074577 -61.477818 96.798707 33 55 38 0.785073 -0.619397 0.002831
-33.719168 -60.792407 97.102143 26 47 35 0.951925 -0.204851 0.227759
-33.851660 -61.220957 96.751365 60 100 60 0.449277 -0.869879 0.203620
-33.854447 -61.203354 95.911311 60 95 50 0.386374 -0.902543 -0.190085
-33.639133 -60.779665 96.871675 16 33 22 0.929974 -0.322960 0.175629
-33.533441 -61.039117 96.284517 48 71 42 0.972514 -0.232679 -0.008826
-33.803299 -61.190394 96.883541 52 93 52 0.606006 -0.772094 0.191385
-34.048844 -61.293171 96.584152 26 46 30 0.512170 -0.822010 -0.248961
-33.539328 -60.546755 96.960268 49 72 53 0.779114 -0.458228 0.427796
-33.407776 -60.699314 96.198513 34 53 30 0.971891 -0.233162 -0.032614
-33.897642 -61.180808 97.075535 79 109 74 0.525836 -0.700523 0.482456
-33.600279 -61.075947 96.477180 30 56 32 0.720240 -0.658710 0.217612
-33.977804 -61.115798 97.266044 51 80 46 0.312081 -0.465554 0.828170
-33.664213 -61.164133 96.251140 27 57 28 0.543082 -0.839457 0.019336
-33.910037 -61.267350 95.932681 62 98 58 0.556682 -0.757972 -0.339976
-33.822409 -60.818893 97.333265 40 62 38 0.608139 0.143594 0.780735
-33.785426 -60.672411 97.272097 39 64 38 0.648642 -0.088247 0.755961
-33.522722 -60.922214 96.338916 53 78 46 0.987940 -0.154760 0.004957
-33.587006 -60.654192 96.906189 38 61 43 0.811371 -0.476046 0.339201
-33.732136 -61.068775 96.956034 69 111 68 0.857326 -0.414821 0.304821
-34.032727 -61.179668 95.092761 37 64 40 0.682568 0.154776 0.714245
-34.373839 -61.273863 97.141879 97 124 88 -0.615963 -0.256479 0.744854
-34.167795 -61.255527 95.382738 42 74 40 0.212058 -0.291553 0.932753
-34.222956 -61.240889 95.402289 29 62 30 0.885646 -0.464011 -0.018052
-34.149066 -59.744787 96.072815 18 39 22 0.502302 -0.015391 0.864556
-34.241119 -61.145768 97.308744 55 80 50 -0.087329 -0.246088 0.965305
-34.519175 -61.221044 96.990111 77 114 71 -0.798567 -0.501095 0.333460
-34.149464 -59.700473 96.987823 114 139 124 -0.084687 -0.362171 0.928257
-34.041450 -60.981598 95.050153 34 65 34 0.685728 0.485863 0.541954
-33.925000 -60.209710 97.034458 17 39 21 -0.021094 0.526103 0.850159
-34.445441 -61.430116 95.772491 69 107 72 -0.272066 -0.941191 0.200351
-34.096484 -61.044714 95.109663 36 67 39 0.458031 0.586541 0.667965
-34.283971 -60.621942 97.335458 35 59 36 -0.204948 0.550251 0.809457
-34.215221 -59.858492 96.343575 20 38 22 0.388994 0.871567 0.298421
-34.762854 -60.095605 96.967715 55 78 50 -0.421663 0.867607 0.263550
-34.447962 -61.623020 96.635748 51 71 49 -0.947547 0.304961 -0.095670
-35.171985 -60.452285 96.657484 129 156 120 -0.096408 0.522780 0.846999
-34.381110 -59.726264 96.018522 34 55 39 -0.017669 0.606693 0.794740
-34.660147 -59.903052 96.312927 13 30 20 -0.025708 0.838968 0.543573
-34.919721 -59.994061 96.318812 29 52 27 -0.117225 0.243889 0.962692
-34.741767 -60.330081 97.239988 37 58 36 0.033890 0.034486 0.998830
-35.001622 -60.410529 96.902125 23 43 26 -0.970677 0.170940 0.169013
-34.581744 -60.627490 97.225427 45 73 42 -0.716006 -0.068571 0.694718
-34.399802 -61.147056 97.215669 44 72 42 -0.762635 -0.196252 0.616339
-34.819001 -60.984970 96.321108 25 43 24 -0.796603 -0.413652 0.440812
-34.153011 -60.876328 94.973018 47 76 43 0.624683 -0.477480 0.617887
-34.208045 -60.939443 95.032528 39 74 39 0.755425 0.111009 0.645764
-34.611637 -59.783296 96.099535 25 48 27 -0.529891 0.666281 0.524677
-34.862886 -60.852550 96.433198 98 141 93 -0.844033 -0.524573 0.111493
-34.778278 -60.064036 96.528284 17 33 23 -0.337450 0.801997 0.492878
-34.905479 -60.506230 97.189187 46 66 39 -0.096825 -0.658934 0.745943
-34.927856 -60.496654 96.597694 0 10 0 -0.755658 -0.315600 0.573914
-34.700762 -61.079687 96.855914 23 45 21 -0.775317 -0.546083 0.317294
-34.717170 -61.138630 96.704842 53 80 51 -0.957516 -0.100220 0.270405
-34.740379 -61.141373 96.380819 58 81 53 -0.943443 -0.118362 0.309688
-34.017677 -60.186486 97.016191 27 50 33 -0.168053 0.436417 0.883911
-34.100462 -60.905168 97.339312 62 90 58 -0.197326 -0.070323 0.977812
-34.266333 -59.770504 96.933891 45 71 50 -0.238853 0.087035 0.967147
-35.087300 -60.866908 95.959707 50 77 44 -0.774988 -0.268758 0.571982
-34.421694 -61.604441 96.844859 25 44 24 -0.497608 -0.283053 0.819919
-34.169071 -61.546425 97.011590 50 83 53 0.479225 -0.074633 0.874513
-34.159492 -61.576229 96.725880 48 85 57 0.841653 -0.475964 -0.255103
-34.025970 -59.909783 96.971764 64 99 58 0.102864 0.081737 0.991331
-35.334642 -60.894570 95.505941 20 40 12 -0.886681 0.224211 -0.404383
-34.788613 -61.249689 96.288601 34 58 31 -0.903512 0.160089 0.397539
-34.787781 -61.237370 96.021131 49 78 47 -0.877813 -0.457213 -0.142832
-34.796681 -61.262441 95.735582 66 97 61 -0.304453 -0.667189 0.679829
-34.061726 -60.901750 94.895937 58 90 58 0.387866 -0.496661 0.776459
-34.715181 -59.966168 96.372436 13 28 17 -0.352537 0.874572 0.332929
-34.261207 -59.796343 96.018388 24 42 26 -0.280516 0.944191 0.172669
-34.509113 -60.882320 97.230244 26 48 26 -0.796918 -0.387600 0.463345
-34.666002 -60.947723 96.966867 25 50 21 -0.595707 -0.211515 0.774852
-34.997933 -60.761461 96.337648 51 79 43 -0.652262 -0.757753 0.019068
-34.552241 -61.194423 96.932728 14 37 15 -0.743569 -0.579343 0.333865
-35.061994 -60.771895 96.071650 10 33 10 -0.828169 -0.486755 0.277860
-34.944770 -61.080072 95.981627 39 61 36 -0.535566 -0.668824 0.515600
-34.765001 -61.313261 96.346974 67 91 63 -0.978159 0.139742 0.153873
-33.902326 -60.040900 96.934815 36 60 34 0.689846 0.507299 0.516488
-34.472890 -60.280316 97.254002 42 78 64 0.468266 0.828638 0.306734
-34.275383 -61.533748 95.734232 59 95 55 0.476801 -0.495421 0.726098
-34.031302 -60.241032 97.055815 28 48 34 -0.125121 0.440972 0.888757
-34.810958 -60.292675 97.240135 55 78 50 0.047589 0.120369 0.991588
-34.618298 -61.519828 96.654938 55 81 49 -0.816332 -0.563735 -0.125718
-34.783782 -60.640425 97.018751 30 52 26 -0.924588 -0.357110 0.132699
-34.915445 -61.045656 96.075824 41 61 34 -0.790941 -0.376662 0.482223
-34.400284 -61.515583 96.689827 31 57 27 0.330464 -0.896865 0.293984
-34.299702 -59.900270 96.918286 40 68 42 -0.432656 0.004013 0.901550
-34.154561 -61.189666 97.232158 71 104 69 0.480664 -0.165384 0.861168
-34.704657 -60.261353 97.218778 17 34 19 0.123059 0.418051 0.900050
-34.707259 -60.878099 96.965864 55 82 49 -0.358976 -0.441393 0.822380
-34.366306 -61.095044 97.271233 38 64 34 -0.598419 -0.252375 0.760396
-35.122287 -60.698418 96.032668 27 49 27 -0.188508 -0.726601 0.660694
-34.922576 -61.290789 95.680820 88 114 78 -0.354989 -0.518277 0.778056
-35.104390 -60.024487 96.360376 48 69 50 0.351917 -0.163889 0.921572
-34.031683 -60.007771 96.935939 45 71 45 -0.063040 -0.088176 0.994108
-34.210052 -60.640873 97.334816 31 54 32 0.122983 0.482758 0.867075
-34.404128 -60.396355 97.255674 55 83 69 0.656195 -0.699316 0.283487
-34.113582 -61.259729 97.214092 68 114 74 0.550084 -0.151517 0.821249
-34.094148 -61.307897 96.337063 34 57 35 0.170750 -0.905099 0.389410
-34.102434 -61.064193 97.266672 51 77 48 0.012915 -0.395069 0.918561
-35.259809 -60.477339 96.354001 30 51 32 -0.752565 -0.645796 0.128815
-35.017981 -60.982068 95.999519 45 69 40 -0.657592 -0.446128 0.607076
-34.426303 -60.007691 96.846275 39 65 40 0.090265 0.777894 0.621879
-34.718814 -60.160831 97.159415 32 50 37 0.237818 0.682605 0.691008
-34.284098 -60.544188 97.295499 33 57 34 -0.287963 0.641284 0.711219
-33.873327 -60.318818 97.131639 44 67 44 0.097364 0.641857 0.760618
-34.691636 -60.519581 97.262710 40 62 37 -0.407444 0.387487 0.826948
-34.091241 -61.370253 96.243039 50 76 48 0.382241 -0.763850 0.520024
-34.260599 -61.154549 95.324512 100 141 84 0.936703 -0.309194 -0.164273
-34.489043 -60.494767 97.182847 34 58 43 0.608377 -0.779110 0.151209
-34.136587 -60.894384 97.396841 104 141 97 0.347142 -0.202841 0.915613
-34.866777 -60.880706 96.815580 24 59 18 -0.392255 -0.751890 0.529904
-34.678819 -61.145897 96.799869 30 53 26 -0.782919 -0.444605 0.435160
-34.304926 -61.311709 97.122663 79 117 68 -0.403128 0.249537 0.880466
-34.738431 -61.138295 96.514306 32 54 28 -0.984791 -0.138513 0.104888
-35.149565 -60.952457 95.848085 42 69 41 -0.651068 -0.297564 0.698259
-34.601461 -61.382252 96.804191 43 66 37 -0.680183 -0.027436 0.732528
-34.710950 -60.516167 97.205662 58 87 57 -0.039672 -0.283227 0.958232
-34.487581 -61.673706 95.835974 120 132 109 -0.562409 -0.826779 0.011470
-34.464923 -61.693843 96.771216 32 49 27 -0.880661 0.284560 0.378764
-34.382487 -60.618952 97.241407 37 62 38 -0.631603 0.489201 0.601465
-34.104283 -60.454483 97.214472 46 72 44 -0.095426 0.691318 0.716221
-34.196300 -60.664080 97.335151 40 64 43 0.003747 0.531106 0.847297
-35.239840 -60.691575 95.900638 40 62 40 -0.664331 -0.503039 0.552826
-34.228105 -61.370997 96.378640 24 47 29 0.752136 -0.658063 -0.035287
-34.190040 -61.345703 95.480561 43 85 51 0.949261 -0.255976 -0.182700
-34.977559 -61.053011 95.943313 42 64 37 -0.708020 -0.543372 0.451060
-34.932106 -60.124601 96.474674 30 51 34 -0.649331 0.444359 0.617182
-34.950555 -60.821411 96.758184 13 32 9 -0.875160 -0.474369 -0.095234
-34.721796 -61.379806 96.481465 48 68 43 -0.901283 -0.341806 0.266191
-35.196407 -60.234085 96.481054 24 48 27 -0.258188 0.529549 0.808033
-34.302904 -60.851789 97.398286 99 134 93 0.236793 -0.256224 0.937165
-34.922220 -60.844508 96.166704 55 85 48 -0.788440 -0.521435 0.326296
-34.798322 -61.131132 96.209673 53 79 46 -0.853212 -0.079869 0.515413
-34.821226 -60.163998 96.798389 34 50 37 -0.769376 0.638786 -0.003507
-34.880810 -60.846938 96.471497 39 65 34 -0.728721 -0.677823 0.097581
-34.105669 -61.303171 97.138643 67 102 70 0.536750 -0.614080 0.578623
-34.770409 -60.441372 97.223888 54 78 52 0.003616 -0.178466 0.983940
-34.310274 -59.916979 96.193640 26 44 32 -0.945631 -0.301503 -0.121974
-34.522288 -61.515776 96.252683 55 77 48 -0.088184 -0.809439 0.580545
-34.900426 -60.175421 97.086066 65 96 60 -0.769376 0.638786 -0.003507
-34.922067 -60.777314 96.470494 53 83 53 -0.668063 -0.698678 0.256010
-34.149013 -61.103872 95.340799 45 74 34 0.631702 -0.687355 -0.358464
-34.385164 -61.692540 96.846357 123 137 120 -0.584243 -0.256701 0.769912
-34.704059 -59.915580 96.161185 62 86 64 -0.578817 0.266852 0.770559
-34.823929 -60.558043 96.769347 34 62 29 -0.882232 -0.470747 -0.008009
-33.984301 -60.914210 97.375993 58 88 57 0.155186 -0.315930 0.936005
-35.050995 -60.665552 96.469798 74 105 57 -0.495726 -0.704286 0.508171
-34.813489 -61.266070 96.174839 46 73 43 -0.969603 -0.243106 -0.027757
-34.446419 -60.718139 97.340046 78 111 68 -0.804074 0.269165 0.530109
-35.281474 -60.410690 96.429116 21 42 23 -0.928949 -0.187534 0.319195
-34.729202 -60.811889 97.021908 57 88 51 -0.503365 -0.614720 0.607242
-34.365320 -61.015531 97.307553 40 72 31 -0.638872 -0.473916 0.606009
-35.117004 -60.679063 96.070312 34 58 35 -0.597790 -0.687045 0.413057
-34.744504 -60.011584 96.602917 17 34 21 -0.417738 0.823094 0.384722
-34.969514 -60.371716 97.187019 48 66 43 -0.847538 0.197239 0.492723
-35.214937 -60.530247 96.278231 25 46 26 -0.616102 -0.752580 0.232467
-34.728116 -60.955078 96.834356 21 40 27 -0.786026 -0.607798 0.112896
-34.115707 -61.485948 96.837662 31 58 43 0.757338 -0.649550 0.067261
-33.998465 -59.956199 96.972433 53 86 57 0.558704 0.464789 0.686892
-34.454156 -60.440556 97.333758 30 58 40 0.655514 -0.623670 0.425837
-34.685671 -60.566101 97.053774 55 93 65 0.651848 -0.478440 0.588379
-33.919995 -60.190795 97.053033 13 33 25 0.011094 0.621511 0.783327
-34.097215 -61.279734 95.153261 34 62 38 0.701328 0.118543 0.702913
-34.173807 -59.871921 96.973047 62 96 59 -0.230429 -0.135654 0.963587
-34.835859 -60.465003 97.187220 40 58 34 -0.007809 -0.507683 0.861509
-34.105172 -59.910207 96.934761 52 83 51 0.217337 0.052015 0.974710
-34.163626 -59.577951 96.279102 71 96 69 0.870864 -0.371053 -0.322361
-34.183670 -61.469537 95.330653 46 74 47 0.896415 0.166031 0.410943
-34.363919 -59.966896 96.023819 18 34 23 0.548593 0.323151 0.771116
-34.728900 -61.479992 96.350292 68 93 58 -0.460936 -0.849592 0.256382
-34.008176 -59.826642 96.568826 56 80 57 0.784727 0.603629 0.140839
-34.729986 -60.512314 97.167683 88 113 87 0.259592 -0.959630 -0.108265
-34.094673 -61.185829 97.212112 56 91 59 0.474447 -0.311695 0.823253
-34.364873 -59.923461 96.900688 51 77 48 -0.468018 0.248684 0.848007
-34.908216 -60.187733 96.552116 52 74 52 -0.436380 0.739359 0.512758
-35.146578 -60.579972 96.545554 38 65 38 -0.646112 -0.744311 0.168937
-34.780852 -61.371324 96.234041 77 102 69 -0.955771 -0.158443 0.247783
-33.943178 -60.048590 96.992840 64 87 60 0.435526 0.431832 0.789834
-34.124012 -61.154245 95.169842 48 91 62 0.205261 0.323593 0.923664
-34.252444 -61.564445 97.013222 51 78 47 -0.099896 -0.483518 0.869615
-34.081409 -59.895585 96.972245 60 91 56 -0.038132 -0.118798 0.992186
-34.604092 -60.483966 97.222444 46 72 48 0.164058 -0.983618 -0.074697
-34.205733 -61.358573 96.320775 56 77 53 0.500231 -0.746756 0.438320
-33.882630 -60.277574 97.111740 38 58 38 -0.409479 0.356820 0.839646
-34.129020 -59.513181 96.086266 72 90 67 0.006310 -0.858367 0.512998
-34.224814 -60.853124 97.359010 73 110 74 0.263780 -0.025276 0.964252
-33.960744 -60.432186 97.211864 47 74 45 -0.017486 0.574114 0.818589
-34.083143 -60.133118 94.706772 29 51 32 0.506824 0.685205 0.523091
-34.020603 -61.126566 97.190581 64 84 51 0.238496 -0.472365 0.848522
-34.174031 -60.417956 97.176480 46 71 49 -0.421411 0.472956 0.773774
-34.146956 -61.367495 96.549130 29 53 35 0.730101 -0.557858 -0.394647
-34.637032 -60.535098 97.205020 96 129 85 -0.160781 -0.055042 0.985454
-34.295344 -61.352512 97.161632 64 95 61 -0.485347 -0.539316 0.688169
-34.564375 -61.469471 96.843828 30 52 28 -0.720574 -0.026173 0.692884
-34.820871 -60.542206 96.654435 62 88 50 -0.718498 -0.523295 0.458173
-35.062244 -60.638387 96.641090 40 67 29 -0.733347 -0.633183 0.247551
-34.617844 -60.460758 97.222109 39 64 39 0.115394 -0.092807 0.988975
-34.750341 -60.042818 96.851813 84 110 76 -0.546485 0.829461 0.115534
-34.364135 -60.545931 97.201288 42 66 45 -0.552623 0.598293 0.580218
-35.288631 -60.800771 95.770281 43 68 42 -0.713316 -0.217442 0.666258
-34.654703 -61.498484 96.368719 52 73 44 -0.004581 -0.897112 0.441779
-34.129878 -59.670447 96.089905 31 52 34 -0.090642 -0.227808 0.969478
-35.024450 -60.646533 96.697978 42 69 32 -0.518368 -0.387462 0.762344
-34.151755 -61.029322 97.362006 42 71 43 0.118578 -0.364572 0.923595
-34.877900 -60.920294 96.702152 10 26 10 -0.564248 -0.773734 0.288028
-34.709130 -61.259826 96.669352 46 66 44 -0.897809 -0.292955 0.328810
-35.165010 -61.087835 95.794181 64 88 58 -0.144233 -0.339164 0.929604
-34.896258 -60.971315 96.092914 22 40 21 -0.821316 -0.258238 0.508678
-34.773748 -61.271138 96.365214 46 72 42 -0.914254 0.218527 0.341152
-34.476205 -60.129645 96.964318 36 58 34 0.190919 0.624239 0.757546
-33.998792 -60.268533 97.075058 45 74 54 -0.139628 0.615222 0.775891
-34.559777 -60.537753 97.108535 46 74 58 0.241672 -0.742041 0.625276
-34.672679 -60.133786 97.139035 142 156 142 0.223341 0.623752 0.749035
-33.932985 -60.634109 97.292450 45 73 50 0.030885 0.311554 0.949727
-34.201140 -61.229345 95.306285 50 89 52 0.914319 0.368262 0.168534
-34.261323 -61.422569 96.342146 46 74 45 0.729486 -0.681984 0.052422
-34.256474 -61.459848 95.732252 54 95 54 0.347356 -0.550345 0.759252
-34.115496 -60.884914 95.010836 84 107 80 0.431367 0.190456 0.881844
-34.896507 -60.837808 96.662354 39 65 26 -0.755796 -0.639400 -0.141211
-34.327476 -61.547273 96.937585 55 83 48 -0.517975 -0.539131 0.664108
-34.723746 -61.371884 96.023299 52 78 48 -0.887588 -0.296952 -0.352146
-34.289571 -59.907194 96.021358 16 34 22 -0.731208 -0.484788 0.479912
-34.855962 -60.140015 96.626589 29 47 34 -0.428597 0.838795 0.335748
-34.503880 -61.163860 97.064905 60 91 55 -0.796308 -0.255720 0.548180
-34.805399 -61.086371 96.342331 48 73 40 -0.920773 -0.082609 0.381252
-34.272626 -60.025318 96.920775 60 105 81 -0.057988 -0.195849 0.978918
-34.416538 -61.507333 96.842545 50 76 47 -0.343495 -0.565334 0.749939
-34.799053 -61.366152 96.253271 51 78 48 -0.970331 -0.234388 0.059327
-34.216538 -61.052828 95.130685 70 102 59 0.890991 -0.384763 0.241025
-34.258341 -60.203594 97.020096 46 74 55 0.050031 0.419394 0.906424
-34.062644 -60.757367 97.335352 53 83 48 0.186202 0.377205 0.907218
-34.245846 -61.164244 97.309239 40 86 60 0.313075 -0.860277 0.402376
-34.140429 -61.435135 97.027690 44 76 52 0.618291 -0.442695 0.649413
-34.933747 -60.817782 96.318927 59 87 55 -0.647853 -0.752004 0.121561
-34.701369 -61.381461 96.614792 55 81 49 -0.919132 0.008359 0.393861
-35.030623 -60.121612 96.380623 41 68 45 0.094062 0.530366 0.842535
-34.729785 -60.957716 96.719938 24 37 21 -0.937681 -0.293299 0.186361
-34.008493 -61.007465 97.340329 51 80 55 -0.008332 0.645648 0.763589
-34.230534 -60.093623 96.978987 57 93 72 -0.218525 0.325213 0.920045
-34.320532 -61.481280 95.790932 39 68 40 0.095171 -0.976083 0.195461
-35.132397 -60.524546 96.544069 25 49 26 -0.729325 -0.569487 0.379171
-34.735052 -59.963634 96.277249 48 71 46 -0.578034 0.797676 0.172014
-34.152122 -61.420604 95.252729 40 66 43 0.805002 0.192711 0.561100
-34.529801 -59.867669 96.672802 37 58 38 -0.281793 0.869841 0.404932
-34.802447 -60.001344 96.431772 27 48 29 -0.415532 0.738129 0.531507
-34.461587 -60.853076 97.305211 24 45 25 -0.769892 -0.370506 0.519608
-34.310310 -61.108363 97.308891 35 62 28 -0.437746 -0.240409 0.866361
-34.189136 -60.865543 95.030548 55 84 50 0.653225 -0.631344 0.417974
-35.093060 -60.452301 96.675416 69 93 61 -0.516599 0.614707 0.596038
-34.903484 -60.191258 97.200979 87 117 77 -0.579733 0.660538 0.477074
-34.870976 -60.207759 96.895544 36 53 42 -0.820845 0.569067 -0.048754
-34.639433 -60.772757 97.134199 34 59 33 -0.598600 -0.502356 0.623952
-34.492605 -61.046078 97.157444 28 50 29 -0.811995 -0.285196 0.509241
-34.764977 -61.157314 96.286126 46 73 42 -0.939298 -0.128045 0.318315
-33.946761 -60.766849 97.352963 41 64 40 0.045932 0.145833 0.988242
-34.080949 -61.342984 96.623937 32 55 37 0.592526 -0.740794 -0.316443
-34.345531 -61.441907 96.286569 44 77 50 0.727417 -0.469970 -0.499993
-34.137083 -59.547932 96.182604 96 120 93 0.418295 -0.871928 -0.254499
-33.918930 -60.500930 97.251007 43 73 50 -0.065517 0.223159 0.972578
-34.596027 -61.284704 96.820946 37 62 34 -0.666268 -0.013634 0.745588
-34.574184 -61.128213 96.988773 29 50 30 -0.804620 -0.405312 0.433945
-34.179696 -60.204050 97.018959 39 64 40 0.186682 0.443127 0.876806
-34.244153 -61.005658 97.362809 52 74 40 -0.038630 -0.373533 0.926812
-35.229196 -60.207024 96.442741 50 72 52 -0.313508 0.576451 0.754597
-34.166214 -61.085187 97.344422 43 69 39 -0.043823 -0.299499 0.953090
-35.242090 -60.851040 95.808929 30 53 30 -0.767805 -0.395608 0.503954
-34.507753 -60.178579 97.042242 50 78 52 0.436105 0.491509 0.753811
-34.937795 -60.066642 96.378001 48 73 45 -0.568846 0.665117 0.483770
-34.969440 -60.739364 96.699316 39 67 38 -0.967300 -0.031030 0.251730
-34.973335 -60.745520 96.432341 49 85 43 -0.465715 -0.778215 0.421298
-34.740686 -61.275760 95.773239 39 67 36 -0.547993 -0.776365 0.311386
-34.012074 -59.821798 95.977173 26 47 30 0.469297 -0.203100 0.859366
-35.158765 -60.320425 96.558831 34 55 29 -0.258175 0.303574 0.917163
-35.133056 -61.116215 95.775285 55 80 50 -0.354865 -0.763828 0.539109
-34.427788 -60.644678 97.318997 29 52 24 -0.933290 -0.336990 0.124124
-34.610714 -61.040114 96.987275 24 45 26 -0.664104 -0.292740 0.687946
-34.467907 -61.252838 97.028264 68 100 61 -0.760278 -0.470022 0.448393
-34.860435 -61.138487 96.077162 50 77 43 -0.881151 -0.448472 0.149819
-34.764039 -61.389695 96.444141 45 66 38 -0.812718 -0.370637 0.449575
-34.473254 -59.858108 96.099241 30 48 36 0.382659 0.311177 0.869909
-34.384876 -59.821174 96.116184 20 38 26 -0.322800 0.115968 0.939336
-34.249477 -61.103961 95.113261 62 96 55 0.545161 0.314730 0.777010
-34.117786 -61.389272 96.014859 48 85 47 0.349291 -0.934338 -0.070774
-33.938856 -59.952801 96.933317 50 79 52 0.693273 0.457835 0.556561
-34.156650 -61.048991 95.110639 61 100 64 0.122772 0.320127 0.939386
-34.089576 -61.345615 95.708099 66 103 63 0.888271 -0.349667 -0.297838
-34.432467 -60.351259 97.197796 11 33 12 -0.504810 0.541849 0.671987
-34.674197 -60.058231 97.003728 17 34 19 0.104127 0.868383 0.484839
-34.979077 -60.152966 96.437845 32 55 31 -0.494911 0.674439 0.547901
-34.978216 -60.831189 96.129046 59 94 53 -0.525389 -0.569651 0.632032
-34.715051 -60.054922 96.737074 19 38 24 -0.779281 0.621290 -0.081973
-34.270370 -60.723343 97.356682 52 83 53 -0.085067 0.661816 0.744825
-34.182403 -59.751605 96.970399 40 74 52 -0.084687 -0.362171 0.928257
-34.105753 -60.067033 96.957470 55 86 66 -0.094541 0.206120 0.973949
-34.141823 -61.426334 96.607663 36 57 38 0.751071 -0.529461 -0.394415
-34.210892 -61.444682 95.998411 35 62 34 0.453334 -0.881921 -0.129245
-34.044510 -60.986435 94.840387 42 67 40 0.688470 0.267754 0.674031
-34.099393 -60.971357 94.879008 38 67 37 0.849283 0.372226 0.374389
-34.009328 -61.008784 97.283120 58 84 55 0.113912 -0.446638 0.887434
-34.210340 -61.421803 95.387193 40 72 40 0.964976 0.094399 0.244765
-34.328543 -60.401648 97.044771 48 74 58 -0.380768 0.179143 0.907151
-34.510481 -61.553061 96.444209 33 60 26 -0.927423 0.187743 -0.323479
-34.124081 -59.984107 96.936741 52 83 55 0.091184 0.003360 0.995828
-33.933112 -60.556356 97.252492 45 71 47 -0.000011 0.189207 0.981937
-33.965670 -60.840749 97.354943 62 87 58 0.034037 0.067130 0.997163
-34.216387 -60.974635 95.109796 60 95 56 0.976324 -0.207311 0.061751
-34.034720 -59.856660 96.665325 43 70 48 0.703393 0.623938 0.340499
-34.180995 -59.560460 96.030863 81 107 92 -0.100244 0.019748 0.994767
-34.318332 -59.973730 96.939336 60 88 64 -0.183464 0.114077 0.976385
-34.393583 -61.349083 97.086650 66 94 59 -0.648227 -0.282553 0.707082
-34.092337 -61.183065 95.131876 21 49 26 0.690675 0.152756 0.706848
-34.012345 -59.855237 96.932139 62 97 57 0.550418 0.498564 0.669682
-34.094673 -61.185829 97.212112 55 84 55 0.540216 -0.404528 0.737918
-34.304420 -61.611724 96.957819 46 78 46 -0.216685 -0.460693 0.860703
-35.007821 -60.030555 96.320939 40 65 43 0.041811 0.097643 0.994343
-34.499889 -60.533915 97.088489 38 62 42 0.138337 0.478826 0.866942
-34.755165 -60.685082 97.095699 57 82 54 -0.696240 -0.371090 0.614444
-34.230273 -61.106620 97.403102 74 114 74 0.449740 -0.561728 0.694403
-34.102484 -61.365088 97.063689 48 78 52 0.554027 -0.576391 0.600689
-34.238505 -61.142565 95.247578 69 110 60 0.995260 -0.090762 0.034930
-34.143216 -61.417532 96.187636 51 77 48 0.340698 -0.918854 0.199080
-34.239735 -60.286080 97.059895 62 87 58 0.028312 0.076745 0.996649
-34.652384 -60.035687 96.583045 26 48 29 -0.772847 0.626655 0.100059
-35.132550 -60.591740 96.240280 33 58 38 -0.690480 -0.671032 0.270099
-34.857934 -61.123530 95.924110 53 81 47 -0.605008 -0.772460 0.193059
-34.380008 -61.595431 96.844043 26 49 21 -0.815257 -0.286484 0.503273
-34.171131 -61.271803 95.478581 58 99 61 0.978272 0.080805 -0.190931
-35.064522 -60.931799 95.960871 44 72 42 -0.813349 -0.351660 0.463463
-34.512677 -61.422632 96.880162 42 65 40 -0.668238 -0.086591 0.738891
-34.617796 -60.148864 97.100414 120 141 129 0.463111 0.737513 0.491531
-33.988599 -60.854052 97.374668 63 91 62 -0.197326 -0.070323 0.977812
-34.183495 -61.235397 95.248916 46 80 55 0.703584 0.495870 0.509001
-34.936834 -60.143077 96.475169 46 69 46 -0.436380 0.739359 0.512758
-35.271033 -60.294227 96.464446 36 52 29 -0.428026 0.441502 0.788587
-34.704175 -60.717315 97.114782 53 77 47 -0.449989 -0.405550 0.795637
-34.322091 -60.926129 97.381196 102 132 96 0.155152 -0.160591 0.974750
-35.015074 -61.044425 95.905495 32 56 29 -0.534770 -0.580736 0.613813
-34.800039 -61.445665 96.216951 71 98 65 -0.912533 -0.402937 0.070183
-34.979652 -60.331792 97.109911 27 46 32 -0.901805 0.420835 0.098212
-35.253134 -60.455786 96.486994 24 46 27 -0.928949 -0.187534 0.319195
-34.188373 -61.332065 95.270300 66 90 58 0.331459 -0.942218 0.048591
-34.803982 -60.939225 96.701511 80 121 80 -0.335208 -0.875140 0.348950
-34.716767 -61.204944 96.439192 29 48 28 -0.966711 -0.252098 0.043777
-35.094833 -61.045728 95.830353 32 55 27 -0.545820 -0.522672 0.654901
-34.060349 -60.275008 96.980687 45 68 40 0.377963 0.721126 0.580622
-35.164986 -60.107397 96.363171 34 55 36 -0.183091 0.693037 0.697265
-34.713150 -61.199228 96.687097 29 52 30 -0.910488 -0.116666 0.396738
-34.263558 -59.733107 96.150551 20 40 25 0.502302 -0.015391 0.864555
-34.993407 -60.297584 96.784898 23 40 24 -0.700575 0.637625 0.320359
-34.077407 -60.969619 97.359545 49 78 49 0.150099 -0.307563 0.939615
-34.788131 -60.881161 96.814443 34 60 26 -0.477302 -0.791524 0.381671
-34.642011 -61.233556 96.820437 40 62 39 -0.745655 -0.375311 0.550582
-34.620535 -59.819367 96.138665 23 42 26 -0.255799 0.767589 0.587685
-34.949423 -60.641705 96.124257 22 48 18 -0.540718 -0.718593 0.437320
-33.886825 -60.451117 97.211222 55 85 55 0.090155 0.449210 0.888866
-33.984150 -60.836017 97.355104 85 116 86 -0.295498 0.027561 0.954946
-34.161142 -61.400920 95.901257 65 102 64 0.367284 -0.922507 -0.118670
-34.199777 -59.712114 96.072801 23 44 27 -0.367284 0.922507 0.118670
-34.436144 -59.789380 96.078031 19 40 26 -0.160033 0.625290 0.763807
-35.141045 -60.694125 96.013759 39 63 40 -0.811606 0.294805 0.504367
-34.930488 -61.247347 95.756269 111 133 105 -0.324576 -0.683657 0.653654
-34.429050 -61.560120 96.958447 44 62 34 -0.474069 -0.314642 0.822350
-34.271029 -60.490522 97.217736 15 34 19 -0.325037 0.689780 0.646958
-34.077601 -61.115761 94.843852 32 55 32 0.939503 -0.246752 -0.237585
-34.503247 -61.541629 96.940020 57 80 48 -0.342957 -0.255142 0.904037
-34.930737 -60.289350 96.955548 18 36 20 -0.857818 0.513954 0.000664
-34.141516 -61.291947 97.215242 72 104 67 0.262181 -0.468207 0.843827
-34.516596 -60.760245 97.303873 70 101 66 -0.682505 -0.151782 0.714947
-34.242318 -61.549369 95.466936 49 88 52 0.698306 -0.698453 0.156628
-35.023440 -60.411073 96.673450 37 58 37 -0.626947 0.526660 0.574079
-34.639914 -60.316795 97.238196 43 70 41 0.345668 0.495364 0.796949
-34.402008 -60.148137 96.982746 18 39 20 0.043795 0.589046 0.806912
-34.371134 -61.715308 96.865762 128 136 123 -0.710349 -0.045356 0.702386
-34.950605 -60.297816 97.185039 42 65 38 -0.846907 0.309874 0.432119
-34.544204 -60.480129 97.202398 34 57 30 -0.176780 0.201739 0.963354
-34.513107 -61.501265 96.881981 31 54 29 -0.214276 -0.008849 0.976733
-35.047306 -61.016484 95.905321 34 59 33 -0.791024 -0.549321 0.269308
-34.468336 -61.331471 97.030083 49 78 39 -0.678429 -0.307719 0.667115
-33.957232 -60.181769 97.034284 31 52 31 -0.176464 0.428073 0.886349
-34.641025 -61.154043 96.856757 40 64 40 -0.744830 -0.500029 0.441812
-34.483808 -60.787306 97.342187 40 72 38 -0.616517 -0.099794 0.780992
-34.235818 -60.112977 96.941343 50 78 50 0.024716 0.578054 0.815624
-34.816571 -60.613364 96.980438 61 87 57 -0.657204 -0.752499 0.042757
-34.314330 -61.047765 97.326636 80 114 73 -0.300380 -0.465878 0.832304
-34.982991 -60.337069 96.881076 22 39 26 -0.798856 0.568641 0.196153
-34.854924 -60.595097 96.560732 74 105 65 -0.368433 -0.126795 0.920967
-34.676531 -59.806048 96.101007 62 87 60 -0.255799 0.767589 0.587685
-35.287645 -60.721258 95.806601 38 60 34 -0.709539 -0.307384 0.634089
-34.196451 -60.742274 97.356040 46 79 45 0.116976 0.297259 0.947604
-34.232708 -61.456226 96.094415 48 77 48 0.106765 -0.992410 0.061021
-34.297047 -61.467098 95.809347 50 80 46 0.363575 -0.912057 0.189647
-34.156186 -60.033920 96.976526 52 86 62 -0.269316 0.094595 0.958395
-33.887033 -59.972716 96.684930 62 87 69 0.570207 0.773624 0.276352
-34.279246 -61.416957 96.380446 29 51 34 0.790153 -0.474057 -0.388496
-33.833564 -60.156939 96.936488 73 98 67 0.380514 0.733906 0.562665
-34.768994 -60.283226 97.258389 37 60 47 0.441273 0.357774 0.822968
-34.637032 -60.535098 97.205020 59 90 66 0.518183 -0.847524 -0.114848
-34.362871 -60.465979 97.256678 27 49 31 0.960769 -0.233664 0.149413
-34.142990 -60.058008 96.938721 46 76 46 -0.029719 0.009835 0.999510
-34.510063 -59.770449 96.078673 39 60 44 0.138447 0.446707 0.883903
-34.967569 -60.357638 96.995828 29 46 33 -0.922888 0.384022 0.028368
-35.272449 -60.452373 96.429945 15 37 18 -0.683858 -0.729608 0.003123
-34.824637 -60.637116 96.752097 25 52 25 -0.878365 0.268129 0.395705
-34.060359 -61.055499 95.052133 38 67 40 0.767001 -0.056570 0.639147
-33.955913 -60.647412 97.312175 27 48 31 0.346448 0.237892 0.907403
-34.475521 -60.206520 97.042416 36 58 34 0.338716 0.660328 0.670253
-34.792662 -61.323039 95.717836 73 100 65 -0.036496 -0.492090 0.869779
-34.507094 -60.411401 97.181188 51 74 52 -0.078980 0.136551 0.987480
-34.836566 -60.544076 97.169970 29 49 25 -0.358049 -0.745459 0.562221
-35.113790 -60.607033 96.583868 71 102 55 -0.618838 -0.761408 0.193126
-34.744044 -61.458983 96.254609 72 99 65 -0.611583 -0.621579 0.489496
-33.935241 -59.936085 96.856543 39 68 46 0.843138 0.464350 0.271105
-34.336050 -60.435520 97.179249 35 55 37 -0.293632 -0.598476 0.745391
-34.239229 -61.410585 96.265212 57 86 55 0.348549 -0.773087 0.529954
-34.044172 -59.904611 96.990994 58 87 49 -0.440381 0.201666 0.874869
-34.181660 -61.220564 97.290517 62 92 53 0.185550 -0.391231 0.901393
-34.559446 -61.071908 97.025428 22 40 23 -0.779205 -0.218700 0.587376
-34.873785 -61.181593 95.811178 46 74 41 -0.358040 -0.837559 0.412677
-34.750718 -61.480536 96.121617 59 85 53 -0.769440 -0.602289 -0.212626
-34.993640 -59.975130 96.319454 29 52 30 0.223765 -0.145561 0.963712
-34.276620 -61.468753 95.942674 30 60 32 0.356333 -0.933179 -0.046939
-34.346545 -60.006388 96.921417 58 95 77 0.063096 -0.169349 0.983534
-34.155019 -60.577757 97.275306 46 73 52 -0.307813 0.331557 0.891808
-34.163459 -61.225737 97.271287 80 112 78 0.288348 -0.559750 0.776875
-34.166686 -59.582788 96.069336 44 67 42 -0.651593 -0.239080 0.719908
-34.938373 -60.234468 96.725388 15 32 19 -0.540079 0.783822 0.306493
-34.673485 -60.825648 97.040497 62 84 55 -0.552757 -0.606960 0.571017
-35.106990 -60.652233 96.432140 81 113 69 -0.884003 -0.296825 0.361157
-34.979202 -60.910702 96.092727 35 64 30 -0.621516 -0.463640 0.631471
-34.832374 -61.184023 96.115971 43 73 39 -0.941703 -0.329324 0.068851
-34.641260 -59.996099 96.696473 46 64 48 -0.678267 0.723653 0.127594
-35.061258 -60.558874 96.677410 58 87 46 -0.870081 -0.307842 0.384958
-34.932632 -60.827023 96.719884 87 114 81 -0.896280 -0.440896 -0.047879
-34.558739 -60.992835 97.042678 23 40 22 -0.777662 -0.178173 0.602906
-34.167200 -61.164699 97.308102 71 100 66 0.114729 -0.380665 0.917568
-34.900402 -60.843964 96.395379 30 54 28 -0.721594 -0.652361 0.231792
-35.205560 -60.939138 95.810427 23 46 22 -0.626061 -0.236676 0.742989
-34.600557 -60.077602 96.984016 43 62 44 0.165902 0.820235 0.547440
-34.861519 -60.181809 97.219232 32 55 25 -0.125401 0.663720 0.737394
-34.879016 -60.911053 96.301195 41 63 41 -0.854397 -0.477371 0.205239
-34.843069 -61.144979 96.000723 63 95 57 -0.817665 -0.575435 0.017285
-34.706528 -61.467569 96.292427 69 100 62 -0.686052 -0.654830 0.317064
-34.673308 -61.426997 96.653600 87 114 77 -0.853243 -0.496827 0.158554
-35.136368 -60.152054 96.440119 34 52 36 0.116122 0.070133 0.990756
-34.804414 -61.006858 96.378651 17 39 16 -0.931434 -0.336039 0.139673
-35.091370 -61.107205 95.774469 31 58 28 -0.272169 -0.579035 0.768533
-34.680791 -61.304922 96.727230 34 59 32 -0.909125 -0.149262 0.388860
-34.049665 -61.094543 95.167380 46 80 52 0.278656 0.036036 0.959715
-34.159338 -61.509036 97.029670 39 72 47 0.548337 -0.397730 0.735621
-34.149488 -61.505400 95.788993 76 118 74 -0.535845 -0.418097 0.733530
-34.900982 -60.176301 97.047927 37 55 36 -0.746254 0.665647 -0.004464
-34.677049 -61.365960 96.690415 49 75 40 -0.859405 -0.136256 0.492806
-34.020603 -61.126566 97.190581 57 86 55 0.457683 -0.564366 0.687036
-34.269398 -59.753341 96.074768 23 43 30 -0.385029 0.843747 0.373958
-34.196832 -60.509013 97.236164 52 76 53 -0.068261 0.668756 0.740341
-34.548154 -59.940690 96.712921 39 57 40 -0.091645 0.940115 0.328307
-34.986478 -60.431539 96.997808 21 39 24 -0.991219 -0.131467 -0.014221
-34.466036 -60.871112 97.324776 0 13 0 -0.781325 -0.569984 0.254261
-34.876612 -60.684395 96.696694 40 66 36 -0.497788 0.751473 0.433008
-34.073387 -61.030217 97.341800 45 74 45 0.168464 -0.395480 0.902893
-35.186373 -60.864798 95.827517 40 69 40 -0.656396 -0.229133 0.718779
-34.575625 -60.606816 97.320280 34 57 33 -0.917594 -0.089634 0.387282
-33.956357 -59.835556 95.995761 40 62 44 -0.330592 0.832275 0.445002
-34.621497 -59.742932 96.041497 48 72 49 -0.255799 0.767589 0.587685
-34.485350 -61.692188 96.637889 111 125 107 -0.953544 0.300786 -0.016797
-35.155277 -60.225955 96.442099 44 62 45 0.036409 0.527407 0.848833
-34.837229 -61.124745 96.076507 55 80 51 -0.626203 -0.665624 0.405973
-34.484060 -61.467289 96.957109 60 84 48 -0.438763 -0.306373 0.844762
-35.003142 -61.148464 95.812301 37 60 32 -0.377801 -0.604607 0.701225
-34.772054 -61.112553 96.418784 68 98 58 -0.959200 -0.267513 0.091502
-34.434365 -61.702422 96.007615 103 121 97 -0.267492 -0.867475 0.419446
-34.383933 -60.075555 96.923557 38 62 36 0.003837 0.527677 0.849436
-34.780849 -60.557834 97.188558 37 60 34 -0.208167 -0.553487 0.806423
-34.795311 -60.602700 96.846295 60 84 55 -0.723593 -0.689245 -0.036805
-35.077819 -60.685011 96.222548 36 59 38 -0.813467 -0.543930 0.205939
-34.798346 -61.287079 96.270521 28 56 26 -0.951358 0.079421 0.297676
-34.347649 -61.701126 96.884176 53 73 39 0.100266 -0.089051 0.990968
-34.150745 -60.793862 97.337479 48 76 48 0.202469 0.088573 0.975275
-34.170872 -61.449310 96.207856 51 76 46 0.489715 -0.866140 0.099907
-34.179070 -61.373309 95.290199 43 72 44 0.898860 0.155830 0.409595
-34.082992 -60.054925 94.685883 46 69 45 0.648565 0.309868 0.695231
-34.176832 -61.424790 97.066150 68 100 66 0.505822 -0.478668 0.717650
-34.226314 -61.424112 95.883659 77 109 74 0.466134 -0.879381 -0.096997
-33.942947 -60.360045 97.133605 32 50 34 -0.112405 0.716302 0.688678
-34.972320 -60.532060 97.057171 60 83 52 -0.624889 -0.780448 -0.020380
-34.571884 -60.667854 97.283466 32 57 30 -0.813173 -0.212600 0.541803
-34.074373 -61.109730 97.305480 46 76 45 0.260357 -0.442488 0.858149
-34.672322 -61.347484 96.689920 95 125 90 -0.856469 -0.326045 0.400195
-34.702431 -61.082325 96.741496 17 38 21 -0.984104 -0.079380 0.158866
-34.707641 -61.469328 96.216149 87 104 71 -0.827596 -0.550502 -0.109694
-34.147058 -60.309304 97.078162 58 86 57 -0.118760 0.397581 0.909849
-34.425819 -60.474653 97.066958 46 71 51 -0.102582 -0.430972 0.896515
-34.069545 -61.313956 97.081113 47 77 52 0.543436 -0.649738 0.531524
-34.087195 -61.285904 96.489125 36 59 39 0.345771 -0.913549 -0.214173
-34.192287 -59.867189 96.973208 58 86 58 -0.238853 0.087035 0.967147
-33.918779 -60.422737 97.230118 36 64 40 -0.080742 0.453957 0.887358
-34.120844 -61.405109 96.129772 65 95 62 0.424270 -0.905189 -0.025061
-34.111392 -61.357159 95.804103 51 93 53 0.342372 -0.916904 -0.205108
-34.028474 -59.913740 96.800137 65 96 71 0.867276 0.476938 0.142698
-33.827596 -60.214458 97.052230 31 51 37 0.376041 0.681009 0.628347
-34.057917 -60.738892 97.334857 55 80 58 -0.046102 0.168693 0.984590
-34.067729 -60.386634 97.155123 33 55 33 0.131969 0.616678 0.776075
-34.097366 -61.357927 95.174150 55 81 55 0.758202 0.093537 0.645275
-34.224966 -60.931318 97.379899 49 71 32 0.128458 -0.170308 0.976982
-34.644438 -60.791671 97.115625 67 90 62 -0.547638 -0.503407 0.668337
-34.526379 -61.098530 97.082810 20 39 22 -0.798211 -0.172199 0.577241
-34.927226 -60.863423 96.148130 38 64 35 -0.678138 -0.545360 0.492657
-34.648432 -61.410616 96.767362 72 100 60 -0.871023 -0.084355 0.483945
-34.657054 -61.435247 96.500882 71 95 60 -0.733271 -0.660611 0.160954
-34.674704 -61.407196 95.908894 38 60 33 -0.915545 -0.240932 -0.322069
-34.028261 -60.148196 94.668151 34 55 36 0.506824 0.685205 0.523091
-34.919613 -60.249761 97.068976 34 53 35 -0.905581 0.417403 -0.075486
-35.234225 -60.381886 96.485014 100 131 92 -0.851047 0.190139 0.489455
-34.695428 -60.759438 97.096542 48 75 43 -0.524105 -0.535554 0.662191
-34.317793 -60.986288 97.382520 104 139 97 -0.073441 -0.381890 0.921285
-34.129171 -59.591374 96.107155 58 81 57 -0.651593 -0.239080 0.719908
-34.235878 -59.545382 96.069483 79 104 82 0.970098 -0.229792 0.078135
-34.411009 -59.950506 96.921069 155 175 166 -0.223689 0.115902 0.967745
-34.282383 -60.218655 96.963543 40 73 51 -0.195952 0.684262 0.702416
-34.214170 -61.193064 97.271274 69 96 61 0.655925 -0.197153 0.728624
-34.350126 -61.560136 96.976380 74 109 73 -0.214971 -0.517612 0.828170
-35.068918 -60.659940 96.508098 90 121 73 -0.612199 -0.764634 0.201363
-34.526658 -61.098969 97.063741 23 42 22 -0.810986 -0.270697 0.518677
-34.863747 -60.174326 96.741996 26 42 31 -0.608274 0.781027 0.141417
-34.297596 -60.676488 97.375082 40 64 40 -0.101832 0.466846 0.878456
-34.562835 -60.553589 97.223447 70 101 68 -0.789353 0.184957 0.585416
-34.769121 -60.205472 97.218430 62 95 74 0.441273 0.357774 0.822968
-34.178720 -60.905027 95.126726 62 104 62 0.887621 -0.428181 -0.169675
-34.192606 -61.037012 97.420031 24 48 21 0.383662 -0.320483 0.866080
-34.548883 -60.186709 97.081197 68 100 67 0.404470 0.665004 0.627833
-34.488185 -60.337500 97.179208 57 83 56 -0.034328 0.376692 0.925702
-34.652199 -60.670036 97.170185 49 74 44 -0.508377 -0.315815 0.801133
-34.405793 -61.245483 97.160775 17 44 15 -0.789782 -0.448971 0.417935
-34.966814 -60.791161 96.261544 52 86 44 -0.589665 -0.804185 0.074707
-34.923484 -60.924460 96.111315 30 51 30 -0.717127 -0.357631 0.598188
-34.426371 -61.322022 97.048337 65 95 60 -0.810986 -0.270696 0.518677
-34.555256 -60.051876 96.906427 34 58 34 0.113526 0.773824 0.623144
-35.150550 -61.031969 95.811765 33 59 30 -0.431794 -0.302534 0.849722
-34.899287 -60.853205 96.796337 58 87 57 -0.640525 -0.699235 0.317487
-34.817231 -61.205032 96.211653 56 86 52 -0.911725 0.014474 0.410547
-34.202982 -61.477124 95.598283 53 88 50 0.786198 -0.617303 -0.028797
-34.152273 -61.498797 95.273618 34 58 34 0.808967 0.186264 0.557565
-34.818068 -61.195352 95.829766 58 88 51 -0.497142 -0.803832 0.326656
-34.648868 -61.456250 95.795145 59 83 53 -0.938823 -0.169305 -0.299911
-34.035219 -60.414135 97.174366 49 78 49 -0.076211 0.702465 0.707627
-34.549663 -60.733624 97.246490 41 70 39 -0.834454 -0.214023 0.507820
-35.078449 -60.318242 96.672112 62 86 55 -0.677828 -0.274609 0.682011
-34.421315 -61.002213 97.269895 43 70 41 -0.713716 -0.355806 0.603334
-34.832446 -60.827375 96.928353 65 95 62 -0.773876 -0.538566 0.333260
-34.746217 -61.172606 96.629714 65 90 61 -0.974164 -0.130991 0.183973
-34.921839 -60.253279 96.916419 34 51 34 -0.830265 0.553689 -0.063946
-34.784869 -60.497237 97.206303 15 38 13 0.010008 -0.312397 0.949899
-34.696920 -61.363425 96.595227 30 48 27 -0.921638 -0.314782 0.226924
-35.104211 -60.636836 96.298158 44 67 46 -0.797566 -0.601815 0.041318
-34.617876 -61.408195 95.679082 33 55 26 -0.937525 -0.328800 -0.113746
-34.062802 -59.978071 97.012043 64 93 55 -0.440381 0.201666 0.874869
-34.511692 -61.343119 96.916482 35 60 34 -0.754642 -0.216450 0.619406
-35.051981 -60.745065 96.433478 51 81 43 -0.466134 -0.751032 0.467622
-35.088664 -60.724160 96.128190 16 36 17 -0.819332 -0.555050 0.143577
-34.831865 -60.670548 96.905644 40 62 38 -0.408961 -0.842676 0.350210
-34.923230 -60.255478 96.821071 20 36 22 -0.716579 0.670333 0.192791
-35.110607 -60.657950 96.184235 52 80 57 -0.708441 -0.603696 0.365598
-34.823627 -61.226146 96.097731 49 79 45 -0.943089 -0.331514 -0.026098
-34.952253 -60.957997 96.055256 38 58 34 -0.618262 -0.323369 0.716369
-34.847115 -61.229328 95.754638 43 72 36 -0.220231 -0.722034 0.655869
-34.355419 -59.886511 96.899698 52 77 52 -0.600707 -0.143334 0.786515
-34.889307 -60.113833 96.550136 34 52 37 -0.372719 0.795155 0.478339
-34.246630 -60.864668 97.455013 76 117 72 0.486081 -0.364929 0.794073
-34.921230 -60.786995 96.852382 55 83 51 -0.566426 0.125819 0.814451
-34.801785 -61.069655 96.265558 48 74 44 -0.845902 -0.404976 0.347052
-34.677891 -61.334279 95.659170 61 84 51 -0.148299 -0.511979 0.846100
-34.688456 -61.383988 95.908560 44 69 40 -0.929090 -0.228741 -0.290637
-34.345566 -59.893875 95.983700 17 35 23 0.059176 -0.374134 0.925485
-34.248863 -60.010697 96.958259 54 83 58 -0.258301 0.108176 0.959989
-35.195067 -60.532781 96.373419 50 79 55 -0.656428 -0.751460 0.066405
-34.703240 -60.938697 96.948118 30 56 28 -0.391194 -0.277869 0.877357
-35.067278 -60.791249 96.034006 24 51 23 -0.786684 -0.460246 0.411463
-34.149759 -60.714349 97.373798 40 63 37 0.155841 0.385835 0.909310
-33.919081 -60.579124 97.271896 40 66 44 -0.053737 0.268638 0.961741
-34.652909 -61.562599 96.198417 71 92 59 -0.630193 -0.775254 0.042880
-34.622495 -60.857881 97.059580 13 30 13 -0.563425 -0.559618 0.607767
-34.493869 -61.126030 97.102054 26 47 27 -0.750179 -0.351481 0.560083
-34.379830 -61.372291 97.086985 50 80 46 -0.603733 -0.367121 0.707622
-34.890418 -60.951081 96.168698 14 32 15 -0.895601 -0.167642 0.412062
-34.666671 -59.846412 96.159045 33 55 34 -0.433911 0.515160 0.739142
-35.017928 -60.692174 96.527181 56 82 46 -0.575291 -0.786546 0.224467
-34.785001 -61.221973 95.887149 77 109 72 -0.773561 -0.633697 -0.005682
-34.616629 -61.517190 96.769356 62 88 55 -0.900457 -0.004318 0.434924
-34.252307 -59.771272 96.303938 21 40 25 0.252453 0.808139 0.532145
-33.975736 -60.332984 97.095292 5 19 8 -0.128821 0.489628 0.862363
-34.087146 -60.149520 96.997268 42 68 44 -0.048062 0.292086 0.955184
-34.206781 -60.859491 95.087917 60 87 46 0.633023 -0.748350 -0.198129
-34.220500 -61.548826 95.695611 66 104 62 0.832027 -0.504845 -0.229919
-34.105904 -60.145227 96.978359 43 72 50 -0.140510 0.380047 0.914233
-34.082604 -61.145675 95.149956 8 37 15 0.700473 -0.226547 0.676767
-34.285242 -59.844405 96.935871 55 88 64 -0.300645 0.037131 0.953013
-34.080213 -61.129964 97.229697 43 72 44 0.337714 -0.556008 0.759476
-34.409307 -61.484900 97.013676 32 55 29 -0.533475 -0.350672 0.769697
-34.328089 -60.167067 96.982104 40 62 40 -0.102395 0.658474 0.745605
-33.813439 -60.314980 97.111593 49 74 48 0.189056 0.584158 0.789315
-34.425692 -60.552406 97.106916 41 66 46 -0.051758 0.564505 0.823805
-34.174683 -61.042624 97.381732 41 77 49 0.570062 -0.132303 0.810879
-34.300662 -61.483815 95.886120 29 60 32 0.096475 -0.994307 0.045241
-34.548200 -60.263584 97.159295 50 81 47 0.378002 0.619481 0.688010
-34.049734 -59.924405 96.934280 52 82 49 0.101445 0.139379 0.985029
-34.482021 -59.993932 96.827687 27 48 30 -0.001378 0.739261 0.673418
-35.015909 -60.221254 96.478125 39 62 42 -0.339458 0.660098 0.670104
-34.136158 -60.815751 97.395022 48 76 38 0.479225 -0.074634 0.874513
-34.376974 -60.911052 97.419817 69 100 69 -0.359916 -0.535133 0.764260
-34.810479 -60.737638 96.811460 72 100 69 -0.421237 0.705447 0.570004
-35.188546 -60.578421 96.202622 46 71 48 -0.582331 -0.751013 0.311240
-35.097589 -60.905178 95.903488 62 93 60 -0.725733 -0.297243 0.620449
-34.587001 -61.326387 96.821775 46 73 40 -0.647693 -0.001881 0.761899
-34.417524 -61.586845 96.806225 50 69 46 -0.224931 -0.524050 0.821449
-34.947147 -61.161783 95.849959 26 49 23 -0.499549 -0.659396 0.561825
-34.732142 -60.036991 96.507904 17 30 20 -0.403619 0.831413 0.381897
-34.431154 -61.619392 96.196491 111 130 102 -0.521037 -0.766822 0.374839
-34.809470 -61.326668 96.157093 72 102 68 -0.970330 -0.212403 -0.115516
-34.145866 -60.697193 97.316095 42 69 42 0.196324 0.319013 0.927194
-34.895068 -60.523715 96.636007 40 60 36 -0.554123 -0.396134 0.732138
-34.781178 -60.859169 96.966505 44 70 40 -0.515657 -0.503995 0.692883
-34.662968 -61.087833 96.912802 27 48 25 -0.652435 -0.548798 0.522636
-34.233358 -61.267404 97.254184 36 66 32 0.116741 -0.657628 0.744243
-35.012976 -60.963153 96.018093 80 111 73 -0.735029 -0.335927 0.588969
-35.232683 -60.301494 96.559473 42 65 40 0.036545 0.496336 0.867361
-33.868472 -60.378096 97.171103 52 80 52 -0.046331 0.558009 0.828540
-35.075391 -60.302405 96.557199 31 52 34 0.036352 0.561146 0.826918
-35.197041 -60.680806 95.976101 34 53 34 -0.617384 -0.600440 0.508240
-34.325115 -59.739583 96.056179 30 50 37 -0.185990 0.750522 0.634133
-34.329826 -61.484037 97.069748 43 62 37 -0.539279 -0.347493 0.767090
-34.398036 -60.520629 97.086696 46 69 46 0.900420 0.418235 0.119682
-34.440739 -59.907609 96.767843 38 60 39 -0.279218 0.284241 0.917194
-34.685729 -60.009506 96.506593 25 40 31 -0.543055 0.717141 0.436807
-34.932131 -61.105038 95.905683 62 93 58 -0.356819 -0.834790 0.419293
-34.048566 -60.468241 97.233060 52 77 45 -0.025308 0.607801 0.793686
-34.370426 -61.636235 96.883012 76 99 70 -0.770198 -0.096312 0.630491
-34.871811 -61.033568 96.208496 40 59 37 -0.740865 -0.484357 0.465313
-34.490128 -61.187068 97.065239 58 85 50 -0.731033 -0.465258 0.499126
-34.763610 -61.311062 96.442322 8 20 3 -0.900979 -0.308464 0.305101
-34.927101 -60.105687 96.493248 41 66 41 -0.594691 0.703376 0.389365
-34.954296 -60.760374 96.794999 45 72 40 -0.874660 0.243212 0.419307
-35.000159 -60.764979 96.185091 54 86 49 -0.626901 -0.726883 0.280421
-34.725542 -61.296769 95.868922 30 55 29 -0.826580 -0.537826 -0.165855
-34.617336 -61.596263 96.752106 58 83 51 -0.970880 0.050926 0.234092
-34.810934 -60.136728 97.179287 15 30 18 -0.020626 0.756249 0.653959
-34.827748 -60.942847 96.339348 32 54 30 -0.865321 -0.484974 0.126568
-34.087508 -59.738312 96.167187 31 52 33 0.420211 -0.739479 0.525921
-34.384315 -59.842294 96.803681 25 44 26 -0.266902 0.951443 -0.153361
-34.479692 -60.224115 97.081050 30 55 31 0.124530 0.653265 0.746818
-34.571227 -60.889675 97.097733 29 49 29 -0.606915 -0.539849 0.583281
-34.991258 -60.739908 96.470641 60 86 52 -0.601202 -0.762235 0.239904
-34.806054 -60.875549 96.852743 64 98 58 -0.721291 -0.673578 0.161348
-34.847465 -60.873119 96.547950 72 97 71 -0.755796 -0.639400 -0.141211
-34.351061 -61.338754 97.143043 50 79 46 -0.607611 -0.513724 0.605720
-34.751906 -61.114647 96.533041 45 73 40 -0.979998 -0.197201 0.026755
-34.512855 -60.821283 97.267059 44 68 42 -0.736433 -0.369563 0.566648
-34.909679 -60.657773 96.639311 47 73 39 0.057333 0.613441 0.787657
-34.777436 -60.920206 96.929691 11 30 11 -0.658164 -0.473136 0.585630
-34.403543 -61.086018 97.252484 44 70 43 -0.662973 -0.259542 0.702214
-34.856742 -60.686929 96.791882 48 72 45 -0.623912 -0.750862 0.216657
-34.876159 -60.449814 96.634027 40 58 44 -0.649398 -0.342279 0.679064
-35.012268 -60.884080 96.035344 93 130 86 -0.712561 -0.400895 0.575796
-34.765708 -61.392334 96.329724 42 67 40 -0.935261 -0.285068 0.209814
-34.677109 -59.973875 96.448394 22 38 27 -0.041606 0.872626 0.486614
-34.222978 -61.407836 95.787816 62 107 67 0.391378 -0.906565 0.157999
-34.209228 -61.420044 95.463471 91 132 90 0.962716 -0.243145 0.118570
-34.314083 -60.345783 97.062356 50 75 52 -0.396314 0.239481 0.886332
-34.742451 -61.077697 96.532051 30 52 27 -0.903020 -0.368983 0.220015
-34.628537 -61.257203 96.801702 39 58 36 -0.945729 -0.218121 0.240874
-34.588164 -60.804550 97.172352 24 43 23 -0.772033 -0.470904 0.426865
-34.437596 -61.138909 97.158782 39 62 39 -0.763051 -0.353409 0.541161
-34.856795 -60.976823 96.264220 29 48 27 -0.936855 -0.245087 0.249470
-34.342315 -61.380877 97.124803 55 84 49 -0.502326 -0.044483 0.863533
-34.742475 -61.233644 96.592899 31 50 29 -0.987313 -0.155144 0.033826
-34.779437 -61.213179 96.268541 40 67 38 -0.870219 0.144933 0.470865
-34.047273 -61.078831 97.247121 60 87 56 0.116263 -0.440452 0.890216
-34.261419 -61.221867 97.215376 39 71 45 -0.162939 -0.599048 0.783959
-34.118487 -61.501345 96.971645 26 51 30 0.780546 -0.333223 0.528877
-34.206043 -61.481961 95.388517 42 73 43 0.913644 -0.224687 0.338779
-34.259685 -61.542878 95.543375 78 114 68 0.786198 -0.617303 -0.028797
-34.435098 -60.277462 96.986211 66 98 96 -0.067022 0.409280 0.909944
-34.151174 -60.872495 97.339298 79 111 79 0.216955 -0.013051 0.976094
-34.224232 -61.531788 97.031141 55 83 55 0.048627 -0.289184 0.956038
-34.626011 -60.261809 97.217641 145 172 158 -0.162545 0.651232 0.741266
-34.195261 -61.119163 97.269294 68 93 64 0.848864 -0.337069 0.407203
-34.107778 -61.340443 95.727329 52 88 52 0.442937 -0.877479 -0.183951
-34.382090 -61.487756 95.696561 58 90 52 -0.353667 -0.850115 0.390160
-34.801857 -60.713006 97.077940 36 65 34 -0.527070 -0.637054 0.562459
-34.428242 -60.879258 97.381664 16 35 17 -0.678621 -0.617998 0.396928
-34.088950 -60.865894 95.239017 77 91 60 0.688696 -0.650735 -0.319751
-34.524112 -59.925628 96.769474 31 52 31 -0.091624 0.842476 0.530886
-34.788138 -60.023672 96.470246 21 37 24 -0.399208 0.835818 0.376885
-35.239535 -60.546188 96.183539 50 74 50 -0.406482 -0.802195 0.437329
-34.969368 -61.096013 95.886934 43 69 39 -0.508679 -0.817095 0.271295
-34.116887 -60.887112 94.915488 65 92 61 0.789583 -0.236086 0.566412
-34.214499 -61.494398 97.049221 65 92 62 0.311297 -0.509467 0.802208
-34.153162 -60.954521 94.993907 42 76 43 0.379962 0.373567 0.846213
-34.026635 -59.654962 96.183460 69 95 73 -0.695106 -0.056488 0.716684
-33.880788 -60.029796 96.819742 77 98 77 0.402867 0.755332 0.516886
-34.614938 -60.523115 97.128086 74 112 88 0.249202 -0.952122 0.177091
-34.058498 -60.895719 97.357565 69 100 62 0.119517 -0.012116 0.992758
-34.476380 -60.363786 97.046055 34 62 45 0.648720 0.010224 0.760958
-34.562381 -60.319009 97.160780 46 71 49 0.153354 0.506258 0.848637
-34.657792 -59.988288 96.830121 13 34 13 -0.361720 0.849835 0.383325
-34.703189 -60.637803 97.151102 74 103 72 -0.420387 -0.458519 0.782965
-34.223678 -60.695418 97.374440 25 48 26 0.132902 0.392072 0.910284
-34.442601 -61.157824 97.140207 34 58 30 -0.743820 -0.400511 0.535091
-34.049655 -60.314053 97.095934 13 34 19 -0.003956 0.532490 0.846427
-34.016811 -60.886709 97.356749 57 87 56 -0.315250 -0.016712 0.948862
-34.167232 -61.287647 96.394914 24 45 27 0.480491 -0.876900 0.013216
-34.458913 -61.417468 96.115905 46 78 46 0.665267 -0.543540 -0.511844
-34.138067 -61.287425 95.211285 46 74 50 0.748331 0.120613 0.652268
-34.083311 -59.575769 96.392383 69 98 73 0.583555 -0.717046 -0.381194
-33.959820 -59.774079 96.051645 30 51 32 -0.119950 -0.775687 0.619614
-34.804265 -60.093175 96.662922 28 44 33 -0.684033 0.694534 0.222983
-34.651264 -60.891418 97.003521 5 25 4 -0.595540 -0.434242 0.675845
-34.421219 -60.378424 97.026504 51 77 59 -0.042021 0.281272 0.958708
-34.187980 -61.620326 97.013570 73 105 72 0.479225 -0.074633 0.874513
-33.924849 -60.131516 97.013569 44 66 44 -0.038226 0.329381 0.943423
-34.595424 -60.136441 97.042550 55 83 62 0.468266 0.828638 0.306734
-34.124164 -61.232439 95.190731 40 67 44 0.635314 0.152634 0.757020
-34.732440 -60.215377 97.199039 117 124 104 0.223961 0.495625 0.839164
-34.919743 -60.985498 96.074500 26 44 26 -0.748422 -0.317626 0.582219
-34.201960 -61.296663 97.197149 59 89 55 0.124163 -0.658168 0.742562
-34.695783 -60.381230 97.240496 40 62 38 0.141052 -0.025933 0.989663
-34.454104 -60.975151 97.231582 21 41 21 -0.743447 -0.268640 0.612470
-34.325478 -61.243300 97.274056 43 73 36 -0.292662 -0.245032 0.924288
-34.763991 -61.077801 96.322446 42 68 36 -0.916641 -0.298353 0.265997
-34.644268 -61.360021 95.754692 33 58 29 -0.933690 -0.296524 -0.200740
-34.205740 -61.325574 95.346739 50 80 55 0.997648 -0.067298 -0.013008
-34.553690 -61.464516 95.660361 63 103 62 0.077678 -0.979147 0.187717
-35.242138 -60.338444 96.560463 20 43 20 0.009836 0.388457 0.921414
-34.423337 -61.462132 96.994272 43 69 40 -0.483342 -0.689726 0.539128
-34.800091 -60.086579 96.948967 28 52 23 -0.575638 0.817638 -0.010460
-34.591198 -60.664440 97.226417 44 75 43 -0.834289 -0.082777 0.545077
-35.050947 -61.178148 95.718264 103 129 96 -0.244179 -0.751720 0.612612
-34.845649 -60.770288 95.992121 58 84 49 -0.228675 -0.784763 0.576069
-34.712848 -61.042841 96.645319 22 39 22 -0.964003 -0.205371 0.168879
-35.266688 -60.866981 95.714236 38 61 36 -0.808117 -0.414030 0.418958
-34.956244 -60.763452 96.661511 36 58 34 -0.858646 -0.509615 -0.054942
-34.919568 -60.751357 95.992763 50 74 44 -0.493487 -0.636010 0.593263
-35.036130 -60.687001 96.546411 58 86 48 -0.596314 -0.773004 0.216503
-34.628714 -61.480344 96.558760 43 71 34 -0.748832 -0.659183 -0.068765
-34.756105 -61.266190 95.983166 43 71 40 -0.855428 -0.413388 -0.312016
-34.651676 -59.956615 96.600296 23 43 29 -0.956511 0.153210 0.248221
-34.825140 -60.348101 97.241620 38 60 34 0.020114 -0.019292 0.999612
-34.705389 -61.320863 96.632537 16 39 16 -0.924998 -0.237886 0.296293
-34.349697 -61.481503 96.974561 58 90 52 -0.275041 -0.681334 0.678334
-34.750973 -61.325029 96.041699 28 52 24 -0.918587 -0.312770 -0.241604
-34.345134 -59.826242 96.306560 24 42 29 -0.897329 0.440874 -0.020755
-34.956831 -60.062789 96.340022 46 72 46 -0.314587 0.567540 0.760876
-35.102215 -61.146354 95.680111 53 78 46 -0.255673 -0.966710 0.010155
-34.695814 -61.328667 95.697469 45 71 38 -0.983942 -0.063915 -0.166652
-34.779662 -60.923724 96.777134 32 57 31 -0.786026 -0.607798 0.112896
-34.560355 -61.530069 96.826083 57 83 50 -0.474403 -0.597325 0.646641
-35.017099 -60.668855 95.935032 27 50 30 -0.227964 0.787142 0.573097
-34.916325 -60.545379 97.094828 42 65 35 -0.517385 -0.844572 0.137876
-34.391712 -60.967357 97.383162 51 84 48 -0.509034 -0.539727 0.670506
-35.012465 -60.460678 97.132446 12 29 13 -0.954930 -0.258157 0.146506
-34.637739 -60.614171 97.187769 72 106 67 -0.366290 -0.217020 0.904839
-34.741465 -60.998184 96.568371 24 42 26 -0.930094 -0.195196 0.311164
-34.151047 -60.950249 97.379257 27 57 30 0.212990 -0.282157 0.935426
-34.807599 -60.944941 96.453605 13 33 16 -0.876977 -0.480533 0.000061
-34.805526 -61.008617 96.302373 24 46 25 -0.761465 -0.457683 0.459017
-35.222624 -60.776260 95.845088 22 46 23 -0.626169 -0.361095 0.691030
-35.076075 -61.050021 95.849263 17 40 13 -0.460414 -0.515843 0.722444
-34.290379 -59.763566 96.227980 19 38 24 -0.566258 0.818102 0.100304
-34.586507 -59.922423 96.293215 19 35 24 0.454530 0.668708 0.588415
-34.532016 -61.575165 96.883961 39 62 36 -0.185050 -0.180404 0.966028
-35.043565 -60.253032 96.498345 18 36 22 -0.140659 0.743687 0.653563
-35.134371 -60.672572 96.146751 1 23 4 0.283523 0.942062 0.179262
-34.474075 -60.749916 97.360266 74 92 68 -0.399746 -0.624803 0.670690
-34.441160 -61.679221 96.808700 98 111 97 -0.497608 -0.283053 0.819919
-34.701448 -60.167323 97.082976 25 48 21 0.280254 0.689186 0.668192
-34.209066 -60.561360 97.371136 68 90 60 0.556966 0.489668 0.670831
-34.687844 -61.104214 96.799040 21 42 22 -0.893129 -0.355318 0.275808
-34.446446 -61.687576 96.446377 69 88 60 -0.929974 0.322960 -0.175629
-35.256574 -60.238362 96.482031 26 51 30 -0.294813 0.546247 0.784028
-35.055876 -60.751221 96.166503 23 51 24 -0.621778 -0.622299 0.475538
-34.772786 -61.347573 96.462382 29 48 27 -0.961686 0.177803 0.208677
-34.388764 -59.860330 96.823246 24 46 25 -0.709459 -0.359485 0.606167
-34.961933 -60.705492 96.564839 43 72 40 -0.699148 -0.714138 0.034624
-34.720532 -61.299854 96.536854 24 41 23 -0.982205 0.003963 0.187768
-34.424500 -60.940296 97.344849 35 62 32 -0.797711 -0.513626 0.315982
-34.798950 -60.775363 96.983916 37 65 33 -0.515213 -0.536193 0.668620
-34.311018 -61.187435 97.291641 60 90 52 -0.460451 -0.293341 0.837816
-34.877344 -60.919415 96.740292 61 93 57 -0.776461 -0.629635 0.025857
-34.827369 -61.165108 96.134545 42 69 36 -0.932283 -0.269448 0.241340
-34.662892 -61.466481 96.749778 34 62 26 -0.943325 -0.191635 0.270949
-34.686379 -61.469664 96.406685 58 83 51 -0.594136 -0.650124 0.473646
-35.217593 -60.612398 96.127494 34 60 36 -0.358617 -0.778604 0.514946
-34.924497 -61.148920 95.811164 37 62 32 -0.263688 -0.763557 0.589449
-34.091746 -60.245749 97.037722 34 61 39 -0.048502 0.614585 0.787358
-34.146151 -59.840144 96.952827 58 91 58 0.168350 0.146310 0.974809
-34.031556 -60.085524 96.975897 57 83 62 -0.207210 0.306457 0.929058
-34.136388 -60.504296 97.254257 52 76 50 -0.258188 0.529549 0.808033
-34.651825 -60.045808 96.945863 24 43 23 -0.010239 0.834514 0.550891
-34.716164 -60.056681 96.660795 25 41 27 -0.567607 0.811294 0.140083
-34.351901 -60.493584 97.066316 55 81 61 -0.445839 -0.049789 0.893728
-35.062728 -60.171425 96.420407 26 45 30 0.079105 0.438714 0.895138
-34.264381 -61.438405 96.457059 52 84 52 0.696270 -0.660676 -0.280562
-34.337241 -60.047631 96.941316 63 95 78 -0.216112 0.179364 0.959752
-34.496956 -60.451325 97.258296 28 54 38 0.639659 -0.755345 0.142443
-34.145993 -60.619440 97.276136 52 81 58 -0.159443 0.432496 0.887426
-34.844327 -60.422441 97.224530 32 52 27 0.029099 -0.111772 0.993308
-34.149308 -61.293259 96.356614 39 62 39 0.300542 -0.912271 0.278274
-34.766749 -60.101761 96.700740 18 39 22 -0.524452 0.828751 0.195249
-34.409614 -61.619287 96.406097 81 100 76 -0.899253 0.388146 -0.201712
-35.158942 -60.543565 96.315889 39 62 42 -0.704437 -0.687537 0.176241
-34.497232 -61.287254 96.934066 51 81 46 -0.844692 -0.238840 0.479010
-34.888775 -61.093390 96.019285 56 82 47 -0.715123 -0.634109 0.294118
-34.979398 -60.487300 97.189829 62 83 54 -0.502450 -0.646064 0.574583
-34.865513 -60.800753 96.870970 42 70 38 -0.670033 -0.269506 0.691681
-34.505372 -60.943358 97.193429 44 69 41 -0.866381 -0.240440 0.437690
-34.889000 -60.803936 96.527877 21 47 19 -0.846080 -0.528390 -0.070384
-34.183514 -61.413344 95.959121 70 100 67 0.412649 -0.900762 -0.135456
-34.592728 -59.709396 96.097555 38 60 42 -0.864489 0.289569 0.410863
-34.249799 -61.438294 95.865245 23 52 24 0.461910 -0.883154 -0.081723
-34.763413 -60.085485 96.604897 20 34 25 -0.451429 0.852090 0.264866
-34.836187 -60.766337 96.965167 45 75 42 -0.872720 -0.271210 0.405961
-34.666710 -61.026796 96.949617 67 101 60 -0.540739 -0.289547 0.789787
-35.068264 -60.870762 95.997686 58 89 58 -0.771354 -0.364445 0.521720
-35.098471 -60.393901 96.597813 41 60 35 -0.332065 0.435343 0.836785
-34.058514 -60.818720 95.084814 63 95 64 0.339306 -0.938598 -0.062493
-34.203769 -61.166549 95.419379 58 92 55 0.623070 -0.770307 0.135688
-34.242308 -60.768879 97.395490 31 53 31 0.109348 0.299284 0.947878
-34.017144 -60.341554 97.115178 4 17 8 -0.074402 0.710373 0.699882
-34.137724 -61.052090 97.381411 38 62 34 0.383662 -0.320483 0.866080
-34.974299 -60.658086 96.010495 13 36 10 -0.683287 -0.448780 0.575947
-35.321697 -60.774149 95.712898 26 46 22 -0.783043 -0.431607 0.447839
-34.732742 -61.196254 96.610979 24 42 24 -0.918260 -0.254212 0.303604
-34.059906 -60.820918 94.989466 69 97 67 0.277764 -0.928515 0.246387
-34.639763 -60.238601 97.217307 139 156 139 0.223341 0.623752 0.749035
-34.203325 -61.153915 97.365632 52 84 55 0.945479 -0.313348 0.088781
-34.063186 -59.733810 96.567488 58 88 64 0.970004 0.242284 -0.019746
-33.940676 -60.033633 96.839788 62 85 62 0.456367 0.740993 0.492604
-34.354988 -61.467858 95.962880 60 91 58 -0.022634 -0.987223 0.157732
-34.708120 -61.024366 96.644824 18 36 21 -0.985174 -0.094795 0.142989
-34.480980 -60.460015 97.086509 41 67 49 0.437307 -0.368665 0.820274
-34.438920 -61.475757 95.601694 62 100 62 -0.404247 -0.857676 0.317767
-35.172390 -60.374971 96.598455 79 106 74 0.061232 0.561866 0.824959
-34.470134 -60.420866 97.180867 34 58 41 0.645000 -0.735701 -0.206686
-34.072730 -61.252039 97.156067 50 78 45 0.497417 -0.509434 0.702177
-34.175535 -60.966944 95.051772 68 105 62 0.737964 0.154803 0.656845
-34.975563 -60.738038 95.955105 34 58 34 -0.207502 -0.108945 0.972149
-34.829012 -61.022799 96.283959 12 31 6 -0.862625 -0.335758 0.378345
-34.179197 -61.295555 95.250241 42 71 43 0.862247 0.145414 0.485164
-34.175384 -60.888751 95.030882 78 103 73 0.881816 -0.306009 0.358831
-35.186094 -60.864358 95.846587 39 63 37 -0.625901 -0.295322 0.721827
-34.533711 -60.898261 97.135551 21 43 20 -0.855411 -0.318574 0.408390
-34.770790 -61.032600 96.474173 29 52 27 -0.948495 -0.267124 0.170297
-34.628815 -61.257643 96.782633 37 60 34 -0.675697 0.013074 0.737064
-34.688861 -61.306674 95.849531 23 46 17 -0.892254 -0.318937 -0.319628
-34.383482 -59.829975 96.536211 17 34 20 -0.538240 0.828410 0.155030
-34.748193 -61.309632 95.907717 26 51 22 -0.983942 -0.063915 -0.166652
-34.565241 -61.593738 95.873431 143 149 128 -0.819609 -0.540579 -0.189778
-34.579269 -61.581970 96.178706 81 105 71 -0.067704 -0.886694 0.457372
-34.824692 -60.091520 96.529595 29 46 32 -0.393163 0.816240 0.423291
-34.448592 -61.256252 97.085312 52 78 46 -0.648227 -0.282553 0.707082
-34.300668 -59.801835 96.171761 25 46 31 0.514732 0.103101 0.851129
-34.834551 -60.051157 96.471557 26 45 30 -0.354725 0.767407 0.534094
-34.861747 -60.705844 96.773307 32 61 31 -0.409613 0.708165 0.575083
-34.282578 -61.455233 97.125646 43 69 37 -0.041075 -0.225366 0.973408
-34.565083 -61.548544 96.826578 21 44 19 -0.774652 -0.137300 0.617303
-34.696490 -60.460302 97.223246 44 67 42 0.037624 -0.236933 0.970797
-34.261853 -60.454011 97.197676 45 66 48 -0.398373 0.199425 0.895281
-34.184068 -61.425223 96.245661 53 79 50 0.267732 -0.824370 0.498732
-34.339918 -60.296729 97.176105 45 69 46 -0.202879 0.919009 0.338029
-34.599214 -60.387297 97.201060 55 76 53 0.206991 0.136629 0.968755
-35.001043 -60.242703 96.554738 37 60 39 -0.349360 0.366614 0.862289
-34.910763 -60.525585 97.151542 55 75 48 -0.259898 -0.717546 0.646205
-34.636298 -61.135568 96.856262 44 68 43 -0.677273 -0.637879 0.366622
-33.957383 -60.259963 97.055173 11 23 13 -0.218984 0.454904 0.863197
-34.600931 -60.701830 97.208338 43 67 41 -0.710789 -0.169437 0.682694
-34.188246 -61.409819 95.310259 24 46 26 0.825054 0.171248 0.538480
-34.109415 -60.395644 97.155939 48 72 47 -0.087614 0.719152 0.689307
-34.487149 -61.606073 96.158834 83 107 76 -0.270782 -0.820336 0.503713
-34.880428 -60.255709 97.221212 64 90 57 -0.310947 0.186047 0.932040
-35.049201 -60.729668 96.299496 40 64 39 -0.724262 -0.689520 0.002711
-34.461131 -61.453986 96.937384 21 45 21 -0.787382 -0.473909 0.394258
-34.966713 -61.013862 96.037672 38 60 36 -0.625447 -0.479207 0.615774
-35.130449 -60.521468 96.677557 52 76 46 -0.709060 0.110213 0.696482
-35.153584 -60.891859 95.865830 52 79 50 -0.706198 -0.266285 0.656031
-34.495891 -61.585950 96.826431 58 81 66 -0.412244 -0.297025 0.861296
-34.423975 -60.237874 97.099639 49 73 48 0.089214 0.673636 0.733659
-34.647724 -61.331543 96.784612 58 85 50 -0.756748 -0.049727 0.651813
-34.628014 -61.368271 95.601974 31 53 25 -0.897527 -0.440880 -0.008409
-34.533289 -59.962138 96.789534 29 46 31 -0.089599 0.848387 0.521740
-34.807877 -60.120891 97.064374 31 52 29 -0.354479 0.906374 0.229848
-34.793570 -60.132220 96.778169 35 56 39 -0.689063 0.721328 -0.069848
-34.771069 -61.033040 96.455104 26 46 22 -0.969997 -0.188878 0.153070
-34.197722 -59.964737 96.956453 59 90 61 -0.097278 -0.095269 0.990687
-33.993127 -60.482439 97.232579 60 88 59 -0.102163 0.240624 0.965227
-34.207297 -61.605912 96.631843 37 79 51 0.749668 -0.442324 -0.492288
-33.901539 -60.351475 97.113720 60 85 58 -0.194855 0.426347 0.883323
-34.070631 -61.170767 97.268665 46 81 44 0.349790 -0.486322 0.800711
-34.750112 -61.178762 96.362739 28 52 26 -0.957106 -0.192019 0.216972
